Econ,Glob,Loc,subject,trial,item,response_var
1,1,1,trial_1,subject_1,NA,0
2,1,1,trial_2,subject_1,NA,1
3,1,1,trial_3,subject_1,NA,0
4,1,1,trial_4,subject_1,NA,0
5,1,1,trial_5,subject_1,NA,0
1,2,1,trial_6,subject_1,NA,0
2,2,1,trial_7,subject_1,NA,0
3,2,1,trial_8,subject_1,NA,0
4,2,1,trial_9,subject_1,NA,0
5,2,1,trial_10,subject_1,NA,0
1,3,1,trial_11,subject_1,NA,0
2,3,1,trial_12,subject_1,NA,0
3,3,1,trial_13,subject_1,NA,0
4,3,1,trial_14,subject_1,NA,0
5,3,1,trial_15,subject_1,NA,0
1,4,1,trial_16,subject_1,NA,0
2,4,1,trial_17,subject_1,NA,0
3,4,1,trial_18,subject_1,NA,0
4,4,1,trial_19,subject_1,NA,0
5,4,1,trial_20,subject_1,NA,0
1,5,1,trial_21,subject_1,NA,0
2,5,1,trial_22,subject_1,NA,0
3,5,1,trial_23,subject_1,NA,0
4,5,1,trial_24,subject_1,NA,0
5,5,1,trial_25,subject_1,NA,0
1,1,2,trial_26,subject_1,NA,1
2,1,2,trial_27,subject_1,NA,1
3,1,2,trial_28,subject_1,NA,1
4,1,2,trial_29,subject_1,NA,0
5,1,2,trial_30,subject_1,NA,0
1,2,2,trial_31,subject_1,NA,1
2,2,2,trial_32,subject_1,NA,1
3,2,2,trial_33,subject_1,NA,0
4,2,2,trial_34,subject_1,NA,0
5,2,2,trial_35,subject_1,NA,0
1,3,2,trial_36,subject_1,NA,0
2,3,2,trial_37,subject_1,NA,0
3,3,2,trial_38,subject_1,NA,0
4,3,2,trial_39,subject_1,NA,0
5,3,2,trial_40,subject_1,NA,0
1,4,2,trial_41,subject_1,NA,0
2,4,2,trial_42,subject_1,NA,0
3,4,2,trial_43,subject_1,NA,0
4,4,2,trial_44,subject_1,NA,0
5,4,2,trial_45,subject_1,NA,0
1,5,2,trial_46,subject_1,NA,0
2,5,2,trial_47,subject_1,NA,0
3,5,2,trial_48,subject_1,NA,0
4,5,2,trial_49,subject_1,NA,0
5,5,2,trial_50,subject_1,NA,0
1,1,3,trial_51,subject_1,NA,1
2,1,3,trial_52,subject_1,NA,1
3,1,3,trial_53,subject_1,NA,1
4,1,3,trial_54,subject_1,NA,0
5,1,3,trial_55,subject_1,NA,0
1,2,3,trial_56,subject_1,NA,1
2,2,3,trial_57,subject_1,NA,0
3,2,3,trial_58,subject_1,NA,0
4,2,3,trial_59,subject_1,NA,0
5,2,3,trial_60,subject_1,NA,0
1,3,3,trial_61,subject_1,NA,0
2,3,3,trial_62,subject_1,NA,0
3,3,3,trial_63,subject_1,NA,0
4,3,3,trial_64,subject_1,NA,0
5,3,3,trial_65,subject_1,NA,0
1,4,3,trial_66,subject_1,NA,1
2,4,3,trial_67,subject_1,NA,0
3,4,3,trial_68,subject_1,NA,0
4,4,3,trial_69,subject_1,NA,0
5,4,3,trial_70,subject_1,NA,0
1,5,3,trial_71,subject_1,NA,0
2,5,3,trial_72,subject_1,NA,0
3,5,3,trial_73,subject_1,NA,0
4,5,3,trial_74,subject_1,NA,0
5,5,3,trial_75,subject_1,NA,0
1,1,4,trial_76,subject_1,NA,1
2,1,4,trial_77,subject_1,NA,1
3,1,4,trial_78,subject_1,NA,1
4,1,4,trial_79,subject_1,NA,0
5,1,4,trial_80,subject_1,NA,1
1,2,4,trial_81,subject_1,NA,1
2,2,4,trial_82,subject_1,NA,0
3,2,4,trial_83,subject_1,NA,0
4,2,4,trial_84,subject_1,NA,0
5,2,4,trial_85,subject_1,NA,0
1,3,4,trial_86,subject_1,NA,1
2,3,4,trial_87,subject_1,NA,0
3,3,4,trial_88,subject_1,NA,0
4,3,4,trial_89,subject_1,NA,1
5,3,4,trial_90,subject_1,NA,0
1,4,4,trial_91,subject_1,NA,1
2,4,4,trial_92,subject_1,NA,1
3,4,4,trial_93,subject_1,NA,0
4,4,4,trial_94,subject_1,NA,0
5,4,4,trial_95,subject_1,NA,0
1,5,4,trial_96,subject_1,NA,1
2,5,4,trial_97,subject_1,NA,0
3,5,4,trial_98,subject_1,NA,0
4,5,4,trial_99,subject_1,NA,0
5,5,4,trial_100,subject_1,NA,0
1,1,5,trial_101,subject_1,NA,1
2,1,5,trial_102,subject_1,NA,1
3,1,5,trial_103,subject_1,NA,1
4,1,5,trial_104,subject_1,NA,1
5,1,5,trial_105,subject_1,NA,0
1,2,5,trial_106,subject_1,NA,1
2,2,5,trial_107,subject_1,NA,1
3,2,5,trial_108,subject_1,NA,1
4,2,5,trial_109,subject_1,NA,1
5,2,5,trial_110,subject_1,NA,0
1,3,5,trial_111,subject_1,NA,1
2,3,5,trial_112,subject_1,NA,1
3,3,5,trial_113,subject_1,NA,0
4,3,5,trial_114,subject_1,NA,1
5,3,5,trial_115,subject_1,NA,0
1,4,5,trial_116,subject_1,NA,0
2,4,5,trial_117,subject_1,NA,0
3,4,5,trial_118,subject_1,NA,1
4,4,5,trial_119,subject_1,NA,0
5,4,5,trial_120,subject_1,NA,0
1,5,5,trial_121,subject_1,NA,1
2,5,5,trial_122,subject_1,NA,1
3,5,5,trial_123,subject_1,NA,0
4,5,5,trial_124,subject_1,NA,0
5,5,5,trial_125,subject_1,NA,0
1,1,1,trial_1,subject_2,NA,0
2,1,1,trial_2,subject_2,NA,1
3,1,1,trial_3,subject_2,NA,0
4,1,1,trial_4,subject_2,NA,0
5,1,1,trial_5,subject_2,NA,0
1,2,1,trial_6,subject_2,NA,1
2,2,1,trial_7,subject_2,NA,1
3,2,1,trial_8,subject_2,NA,1
4,2,1,trial_9,subject_2,NA,0
5,2,1,trial_10,subject_2,NA,0
1,3,1,trial_11,subject_2,NA,0
2,3,1,trial_12,subject_2,NA,0
3,3,1,trial_13,subject_2,NA,0
4,3,1,trial_14,subject_2,NA,1
5,3,1,trial_15,subject_2,NA,0
1,4,1,trial_16,subject_2,NA,0
2,4,1,trial_17,subject_2,NA,1
3,4,1,trial_18,subject_2,NA,0
4,4,1,trial_19,subject_2,NA,0
5,4,1,trial_20,subject_2,NA,0
1,5,1,trial_21,subject_2,NA,0
2,5,1,trial_22,subject_2,NA,0
3,5,1,trial_23,subject_2,NA,0
4,5,1,trial_24,subject_2,NA,0
5,5,1,trial_25,subject_2,NA,0
1,1,2,trial_26,subject_2,NA,0
2,1,2,trial_27,subject_2,NA,0
3,1,2,trial_28,subject_2,NA,0
4,1,2,trial_29,subject_2,NA,0
5,1,2,trial_30,subject_2,NA,0
1,2,2,trial_31,subject_2,NA,1
2,2,2,trial_32,subject_2,NA,0
3,2,2,trial_33,subject_2,NA,0
4,2,2,trial_34,subject_2,NA,0
5,2,2,trial_35,subject_2,NA,0
1,3,2,trial_36,subject_2,NA,1
2,3,2,trial_37,subject_2,NA,0
3,3,2,trial_38,subject_2,NA,0
4,3,2,trial_39,subject_2,NA,0
5,3,2,trial_40,subject_2,NA,0
1,4,2,trial_41,subject_2,NA,0
2,4,2,trial_42,subject_2,NA,0
3,4,2,trial_43,subject_2,NA,0
4,4,2,trial_44,subject_2,NA,0
5,4,2,trial_45,subject_2,NA,0
1,5,2,trial_46,subject_2,NA,0
2,5,2,trial_47,subject_2,NA,0
3,5,2,trial_48,subject_2,NA,0
4,5,2,trial_49,subject_2,NA,0
5,5,2,trial_50,subject_2,NA,0
1,1,3,trial_51,subject_2,NA,1
2,1,3,trial_52,subject_2,NA,1
3,1,3,trial_53,subject_2,NA,0
4,1,3,trial_54,subject_2,NA,0
5,1,3,trial_55,subject_2,NA,1
1,2,3,trial_56,subject_2,NA,0
2,2,3,trial_57,subject_2,NA,1
3,2,3,trial_58,subject_2,NA,0
4,2,3,trial_59,subject_2,NA,0
5,2,3,trial_60,subject_2,NA,0
1,3,3,trial_61,subject_2,NA,1
2,3,3,trial_62,subject_2,NA,0
3,3,3,trial_63,subject_2,NA,1
4,3,3,trial_64,subject_2,NA,0
5,3,3,trial_65,subject_2,NA,0
1,4,3,trial_66,subject_2,NA,0
2,4,3,trial_67,subject_2,NA,1
3,4,3,trial_68,subject_2,NA,0
4,4,3,trial_69,subject_2,NA,0
5,4,3,trial_70,subject_2,NA,0
1,5,3,trial_71,subject_2,NA,1
2,5,3,trial_72,subject_2,NA,0
3,5,3,trial_73,subject_2,NA,0
4,5,3,trial_74,subject_2,NA,0
5,5,3,trial_75,subject_2,NA,0
1,1,4,trial_76,subject_2,NA,1
2,1,4,trial_77,subject_2,NA,1
3,1,4,trial_78,subject_2,NA,0
4,1,4,trial_79,subject_2,NA,1
5,1,4,trial_80,subject_2,NA,0
1,2,4,trial_81,subject_2,NA,1
2,2,4,trial_82,subject_2,NA,0
3,2,4,trial_83,subject_2,NA,0
4,2,4,trial_84,subject_2,NA,1
5,2,4,trial_85,subject_2,NA,0
1,3,4,trial_86,subject_2,NA,1
2,3,4,trial_87,subject_2,NA,0
3,3,4,trial_88,subject_2,NA,0
4,3,4,trial_89,subject_2,NA,0
5,3,4,trial_90,subject_2,NA,0
1,4,4,trial_91,subject_2,NA,1
2,4,4,trial_92,subject_2,NA,0
3,4,4,trial_93,subject_2,NA,0
4,4,4,trial_94,subject_2,NA,0
5,4,4,trial_95,subject_2,NA,0
1,5,4,trial_96,subject_2,NA,0
2,5,4,trial_97,subject_2,NA,0
3,5,4,trial_98,subject_2,NA,0
4,5,4,trial_99,subject_2,NA,0
5,5,4,trial_100,subject_2,NA,0
1,1,5,trial_101,subject_2,NA,1
2,1,5,trial_102,subject_2,NA,1
3,1,5,trial_103,subject_2,NA,1
4,1,5,trial_104,subject_2,NA,1
5,1,5,trial_105,subject_2,NA,0
1,2,5,trial_106,subject_2,NA,1
2,2,5,trial_107,subject_2,NA,1
3,2,5,trial_108,subject_2,NA,0
4,2,5,trial_109,subject_2,NA,1
5,2,5,trial_110,subject_2,NA,0
1,3,5,trial_111,subject_2,NA,0
2,3,5,trial_112,subject_2,NA,1
3,3,5,trial_113,subject_2,NA,1
4,3,5,trial_114,subject_2,NA,0
5,3,5,trial_115,subject_2,NA,0
1,4,5,trial_116,subject_2,NA,1
2,4,5,trial_117,subject_2,NA,0
3,4,5,trial_118,subject_2,NA,1
4,4,5,trial_119,subject_2,NA,0
5,4,5,trial_120,subject_2,NA,0
1,5,5,trial_121,subject_2,NA,1
2,5,5,trial_122,subject_2,NA,0
3,5,5,trial_123,subject_2,NA,0
4,5,5,trial_124,subject_2,NA,0
5,5,5,trial_125,subject_2,NA,0
1,1,1,trial_1,subject_3,NA,0
2,1,1,trial_2,subject_3,NA,0
3,1,1,trial_3,subject_3,NA,0
4,1,1,trial_4,subject_3,NA,0
5,1,1,trial_5,subject_3,NA,0
1,2,1,trial_6,subject_3,NA,0
2,2,1,trial_7,subject_3,NA,0
3,2,1,trial_8,subject_3,NA,0
4,2,1,trial_9,subject_3,NA,0
5,2,1,trial_10,subject_3,NA,0
1,3,1,trial_11,subject_3,NA,0
2,3,1,trial_12,subject_3,NA,0
3,3,1,trial_13,subject_3,NA,0
4,3,1,trial_14,subject_3,NA,0
5,3,1,trial_15,subject_3,NA,0
1,4,1,trial_16,subject_3,NA,0
2,4,1,trial_17,subject_3,NA,0
3,4,1,trial_18,subject_3,NA,0
4,4,1,trial_19,subject_3,NA,0
5,4,1,trial_20,subject_3,NA,0
1,5,1,trial_21,subject_3,NA,0
2,5,1,trial_22,subject_3,NA,0
3,5,1,trial_23,subject_3,NA,0
4,5,1,trial_24,subject_3,NA,0
5,5,1,trial_25,subject_3,NA,0
1,1,2,trial_26,subject_3,NA,1
2,1,2,trial_27,subject_3,NA,0
3,1,2,trial_28,subject_3,NA,0
4,1,2,trial_29,subject_3,NA,0
5,1,2,trial_30,subject_3,NA,0
1,2,2,trial_31,subject_3,NA,1
2,2,2,trial_32,subject_3,NA,0
3,2,2,trial_33,subject_3,NA,0
4,2,2,trial_34,subject_3,NA,0
5,2,2,trial_35,subject_3,NA,0
1,3,2,trial_36,subject_3,NA,0
2,3,2,trial_37,subject_3,NA,0
3,3,2,trial_38,subject_3,NA,0
4,3,2,trial_39,subject_3,NA,0
5,3,2,trial_40,subject_3,NA,0
1,4,2,trial_41,subject_3,NA,0
2,4,2,trial_42,subject_3,NA,0
3,4,2,trial_43,subject_3,NA,0
4,4,2,trial_44,subject_3,NA,0
5,4,2,trial_45,subject_3,NA,0
1,5,2,trial_46,subject_3,NA,0
2,5,2,trial_47,subject_3,NA,0
3,5,2,trial_48,subject_3,NA,0
4,5,2,trial_49,subject_3,NA,0
5,5,2,trial_50,subject_3,NA,0
1,1,3,trial_51,subject_3,NA,1
2,1,3,trial_52,subject_3,NA,1
3,1,3,trial_53,subject_3,NA,1
4,1,3,trial_54,subject_3,NA,0
5,1,3,trial_55,subject_3,NA,0
1,2,3,trial_56,subject_3,NA,1
2,2,3,trial_57,subject_3,NA,1
3,2,3,trial_58,subject_3,NA,0
4,2,3,trial_59,subject_3,NA,0
5,2,3,trial_60,subject_3,NA,0
1,3,3,trial_61,subject_3,NA,0
2,3,3,trial_62,subject_3,NA,0
3,3,3,trial_63,subject_3,NA,0
4,3,3,trial_64,subject_3,NA,0
5,3,3,trial_65,subject_3,NA,0
1,4,3,trial_66,subject_3,NA,1
2,4,3,trial_67,subject_3,NA,0
3,4,3,trial_68,subject_3,NA,1
4,4,3,trial_69,subject_3,NA,0
5,4,3,trial_70,subject_3,NA,0
1,5,3,trial_71,subject_3,NA,1
2,5,3,trial_72,subject_3,NA,0
3,5,3,trial_73,subject_3,NA,0
4,5,3,trial_74,subject_3,NA,0
5,5,3,trial_75,subject_3,NA,0
1,1,4,trial_76,subject_3,NA,1
2,1,4,trial_77,subject_3,NA,1
3,1,4,trial_78,subject_3,NA,0
4,1,4,trial_79,subject_3,NA,1
5,1,4,trial_80,subject_3,NA,0
1,2,4,trial_81,subject_3,NA,1
2,2,4,trial_82,subject_3,NA,0
3,2,4,trial_83,subject_3,NA,1
4,2,4,trial_84,subject_3,NA,1
5,2,4,trial_85,subject_3,NA,0
1,3,4,trial_86,subject_3,NA,1
2,3,4,trial_87,subject_3,NA,1
3,3,4,trial_88,subject_3,NA,1
4,3,4,trial_89,subject_3,NA,0
5,3,4,trial_90,subject_3,NA,0
1,4,4,trial_91,subject_3,NA,1
2,4,4,trial_92,subject_3,NA,0
3,4,4,trial_93,subject_3,NA,0
4,4,4,trial_94,subject_3,NA,0
5,4,4,trial_95,subject_3,NA,0
1,5,4,trial_96,subject_3,NA,0
2,5,4,trial_97,subject_3,NA,0
3,5,4,trial_98,subject_3,NA,0
4,5,4,trial_99,subject_3,NA,0
5,5,4,trial_100,subject_3,NA,0
1,1,5,trial_101,subject_3,NA,1
2,1,5,trial_102,subject_3,NA,1
3,1,5,trial_103,subject_3,NA,0
4,1,5,trial_104,subject_3,NA,0
5,1,5,trial_105,subject_3,NA,0
1,2,5,trial_106,subject_3,NA,1
2,2,5,trial_107,subject_3,NA,1
3,2,5,trial_108,subject_3,NA,1
4,2,5,trial_109,subject_3,NA,1
5,2,5,trial_110,subject_3,NA,1
1,3,5,trial_111,subject_3,NA,1
2,3,5,trial_112,subject_3,NA,1
3,3,5,trial_113,subject_3,NA,0
4,3,5,trial_114,subject_3,NA,0
5,3,5,trial_115,subject_3,NA,0
1,4,5,trial_116,subject_3,NA,1
2,4,5,trial_117,subject_3,NA,1
3,4,5,trial_118,subject_3,NA,0
4,4,5,trial_119,subject_3,NA,1
5,4,5,trial_120,subject_3,NA,0
1,5,5,trial_121,subject_3,NA,1
2,5,5,trial_122,subject_3,NA,0
3,5,5,trial_123,subject_3,NA,0
4,5,5,trial_124,subject_3,NA,0
5,5,5,trial_125,subject_3,NA,0
1,1,1,trial_1,subject_4,NA,1
2,1,1,trial_2,subject_4,NA,1
3,1,1,trial_3,subject_4,NA,0
4,1,1,trial_4,subject_4,NA,0
5,1,1,trial_5,subject_4,NA,0
1,2,1,trial_6,subject_4,NA,0
2,2,1,trial_7,subject_4,NA,0
3,2,1,trial_8,subject_4,NA,0
4,2,1,trial_9,subject_4,NA,0
5,2,1,trial_10,subject_4,NA,0
1,3,1,trial_11,subject_4,NA,0
2,3,1,trial_12,subject_4,NA,0
3,3,1,trial_13,subject_4,NA,0
4,3,1,trial_14,subject_4,NA,0
5,3,1,trial_15,subject_4,NA,0
1,4,1,trial_16,subject_4,NA,0
2,4,1,trial_17,subject_4,NA,0
3,4,1,trial_18,subject_4,NA,0
4,4,1,trial_19,subject_4,NA,0
5,4,1,trial_20,subject_4,NA,0
1,5,1,trial_21,subject_4,NA,0
2,5,1,trial_22,subject_4,NA,0
3,5,1,trial_23,subject_4,NA,0
4,5,1,trial_24,subject_4,NA,0
5,5,1,trial_25,subject_4,NA,0
1,1,2,trial_26,subject_4,NA,1
2,1,2,trial_27,subject_4,NA,1
3,1,2,trial_28,subject_4,NA,0
4,1,2,trial_29,subject_4,NA,0
5,1,2,trial_30,subject_4,NA,0
1,2,2,trial_31,subject_4,NA,0
2,2,2,trial_32,subject_4,NA,0
3,2,2,trial_33,subject_4,NA,0
4,2,2,trial_34,subject_4,NA,0
5,2,2,trial_35,subject_4,NA,0
1,3,2,trial_36,subject_4,NA,1
2,3,2,trial_37,subject_4,NA,0
3,3,2,trial_38,subject_4,NA,0
4,3,2,trial_39,subject_4,NA,0
5,3,2,trial_40,subject_4,NA,0
1,4,2,trial_41,subject_4,NA,0
2,4,2,trial_42,subject_4,NA,0
3,4,2,trial_43,subject_4,NA,0
4,4,2,trial_44,subject_4,NA,0
5,4,2,trial_45,subject_4,NA,0
1,5,2,trial_46,subject_4,NA,0
2,5,2,trial_47,subject_4,NA,0
3,5,2,trial_48,subject_4,NA,0
4,5,2,trial_49,subject_4,NA,0
5,5,2,trial_50,subject_4,NA,0
1,1,3,trial_51,subject_4,NA,0
2,1,3,trial_52,subject_4,NA,1
3,1,3,trial_53,subject_4,NA,0
4,1,3,trial_54,subject_4,NA,0
5,1,3,trial_55,subject_4,NA,1
1,2,3,trial_56,subject_4,NA,1
2,2,3,trial_57,subject_4,NA,0
3,2,3,trial_58,subject_4,NA,1
4,2,3,trial_59,subject_4,NA,0
5,2,3,trial_60,subject_4,NA,0
1,3,3,trial_61,subject_4,NA,0
2,3,3,trial_62,subject_4,NA,0
3,3,3,trial_63,subject_4,NA,0
4,3,3,trial_64,subject_4,NA,0
5,3,3,trial_65,subject_4,NA,0
1,4,3,trial_66,subject_4,NA,0
2,4,3,trial_67,subject_4,NA,0
3,4,3,trial_68,subject_4,NA,0
4,4,3,trial_69,subject_4,NA,0
5,4,3,trial_70,subject_4,NA,0
1,5,3,trial_71,subject_4,NA,1
2,5,3,trial_72,subject_4,NA,0
3,5,3,trial_73,subject_4,NA,0
4,5,3,trial_74,subject_4,NA,0
5,5,3,trial_75,subject_4,NA,0
1,1,4,trial_76,subject_4,NA,1
2,1,4,trial_77,subject_4,NA,1
3,1,4,trial_78,subject_4,NA,1
4,1,4,trial_79,subject_4,NA,0
5,1,4,trial_80,subject_4,NA,0
1,2,4,trial_81,subject_4,NA,1
2,2,4,trial_82,subject_4,NA,1
3,2,4,trial_83,subject_4,NA,1
4,2,4,trial_84,subject_4,NA,0
5,2,4,trial_85,subject_4,NA,0
1,3,4,trial_86,subject_4,NA,1
2,3,4,trial_87,subject_4,NA,0
3,3,4,trial_88,subject_4,NA,0
4,3,4,trial_89,subject_4,NA,0
5,3,4,trial_90,subject_4,NA,0
1,4,4,trial_91,subject_4,NA,1
2,4,4,trial_92,subject_4,NA,0
3,4,4,trial_93,subject_4,NA,0
4,4,4,trial_94,subject_4,NA,0
5,4,4,trial_95,subject_4,NA,0
1,5,4,trial_96,subject_4,NA,1
2,5,4,trial_97,subject_4,NA,0
3,5,4,trial_98,subject_4,NA,0
4,5,4,trial_99,subject_4,NA,0
5,5,4,trial_100,subject_4,NA,0
1,1,5,trial_101,subject_4,NA,1
2,1,5,trial_102,subject_4,NA,1
3,1,5,trial_103,subject_4,NA,1
4,1,5,trial_104,subject_4,NA,1
5,1,5,trial_105,subject_4,NA,0
1,2,5,trial_106,subject_4,NA,1
2,2,5,trial_107,subject_4,NA,1
3,2,5,trial_108,subject_4,NA,1
4,2,5,trial_109,subject_4,NA,1
5,2,5,trial_110,subject_4,NA,1
1,3,5,trial_111,subject_4,NA,1
2,3,5,trial_112,subject_4,NA,1
3,3,5,trial_113,subject_4,NA,1
4,3,5,trial_114,subject_4,NA,1
5,3,5,trial_115,subject_4,NA,0
1,4,5,trial_116,subject_4,NA,1
2,4,5,trial_117,subject_4,NA,1
3,4,5,trial_118,subject_4,NA,1
4,4,5,trial_119,subject_4,NA,0
5,4,5,trial_120,subject_4,NA,0
1,5,5,trial_121,subject_4,NA,1
2,5,5,trial_122,subject_4,NA,0
3,5,5,trial_123,subject_4,NA,0
4,5,5,trial_124,subject_4,NA,0
5,5,5,trial_125,subject_4,NA,0
1,1,1,trial_1,subject_5,NA,1
2,1,1,trial_2,subject_5,NA,1
3,1,1,trial_3,subject_5,NA,0
4,1,1,trial_4,subject_5,NA,0
5,1,1,trial_5,subject_5,NA,0
1,2,1,trial_6,subject_5,NA,0
2,2,1,trial_7,subject_5,NA,0
3,2,1,trial_8,subject_5,NA,0
4,2,1,trial_9,subject_5,NA,0
5,2,1,trial_10,subject_5,NA,0
1,3,1,trial_11,subject_5,NA,0
2,3,1,trial_12,subject_5,NA,0
3,3,1,trial_13,subject_5,NA,0
4,3,1,trial_14,subject_5,NA,0
5,3,1,trial_15,subject_5,NA,0
1,4,1,trial_16,subject_5,NA,0
2,4,1,trial_17,subject_5,NA,0
3,4,1,trial_18,subject_5,NA,0
4,4,1,trial_19,subject_5,NA,0
5,4,1,trial_20,subject_5,NA,0
1,5,1,trial_21,subject_5,NA,0
2,5,1,trial_22,subject_5,NA,0
3,5,1,trial_23,subject_5,NA,0
4,5,1,trial_24,subject_5,NA,0
5,5,1,trial_25,subject_5,NA,0
1,1,2,trial_26,subject_5,NA,1
2,1,2,trial_27,subject_5,NA,0
3,1,2,trial_28,subject_5,NA,1
4,1,2,trial_29,subject_5,NA,1
5,1,2,trial_30,subject_5,NA,0
1,2,2,trial_31,subject_5,NA,1
2,2,2,trial_32,subject_5,NA,0
3,2,2,trial_33,subject_5,NA,0
4,2,2,trial_34,subject_5,NA,0
5,2,2,trial_35,subject_5,NA,0
1,3,2,trial_36,subject_5,NA,1
2,3,2,trial_37,subject_5,NA,0
3,3,2,trial_38,subject_5,NA,0
4,3,2,trial_39,subject_5,NA,0
5,3,2,trial_40,subject_5,NA,0
1,4,2,trial_41,subject_5,NA,1
2,4,2,trial_42,subject_5,NA,0
3,4,2,trial_43,subject_5,NA,0
4,4,2,trial_44,subject_5,NA,0
5,4,2,trial_45,subject_5,NA,0
1,5,2,trial_46,subject_5,NA,0
2,5,2,trial_47,subject_5,NA,0
3,5,2,trial_48,subject_5,NA,0
4,5,2,trial_49,subject_5,NA,0
5,5,2,trial_50,subject_5,NA,0
1,1,3,trial_51,subject_5,NA,1
2,1,3,trial_52,subject_5,NA,1
3,1,3,trial_53,subject_5,NA,1
4,1,3,trial_54,subject_5,NA,0
5,1,3,trial_55,subject_5,NA,0
1,2,3,trial_56,subject_5,NA,0
2,2,3,trial_57,subject_5,NA,1
3,2,3,trial_58,subject_5,NA,1
4,2,3,trial_59,subject_5,NA,0
5,2,3,trial_60,subject_5,NA,0
1,3,3,trial_61,subject_5,NA,1
2,3,3,trial_62,subject_5,NA,1
3,3,3,trial_63,subject_5,NA,0
4,3,3,trial_64,subject_5,NA,0
5,3,3,trial_65,subject_5,NA,0
1,4,3,trial_66,subject_5,NA,0
2,4,3,trial_67,subject_5,NA,1
3,4,3,trial_68,subject_5,NA,0
4,4,3,trial_69,subject_5,NA,0
5,4,3,trial_70,subject_5,NA,0
1,5,3,trial_71,subject_5,NA,0
2,5,3,trial_72,subject_5,NA,0
3,5,3,trial_73,subject_5,NA,0
4,5,3,trial_74,subject_5,NA,0
5,5,3,trial_75,subject_5,NA,0
1,1,4,trial_76,subject_5,NA,1
2,1,4,trial_77,subject_5,NA,1
3,1,4,trial_78,subject_5,NA,1
4,1,4,trial_79,subject_5,NA,1
5,1,4,trial_80,subject_5,NA,0
1,2,4,trial_81,subject_5,NA,1
2,2,4,trial_82,subject_5,NA,1
3,2,4,trial_83,subject_5,NA,1
4,2,4,trial_84,subject_5,NA,0
5,2,4,trial_85,subject_5,NA,0
1,3,4,trial_86,subject_5,NA,1
2,3,4,trial_87,subject_5,NA,1
3,3,4,trial_88,subject_5,NA,1
4,3,4,trial_89,subject_5,NA,0
5,3,4,trial_90,subject_5,NA,0
1,4,4,trial_91,subject_5,NA,0
2,4,4,trial_92,subject_5,NA,1
3,4,4,trial_93,subject_5,NA,0
4,4,4,trial_94,subject_5,NA,0
5,4,4,trial_95,subject_5,NA,0
1,5,4,trial_96,subject_5,NA,0
2,5,4,trial_97,subject_5,NA,0
3,5,4,trial_98,subject_5,NA,0
4,5,4,trial_99,subject_5,NA,0
5,5,4,trial_100,subject_5,NA,0
1,1,5,trial_101,subject_5,NA,1
2,1,5,trial_102,subject_5,NA,1
3,1,5,trial_103,subject_5,NA,1
4,1,5,trial_104,subject_5,NA,0
5,1,5,trial_105,subject_5,NA,0
1,2,5,trial_106,subject_5,NA,1
2,2,5,trial_107,subject_5,NA,1
3,2,5,trial_108,subject_5,NA,1
4,2,5,trial_109,subject_5,NA,1
5,2,5,trial_110,subject_5,NA,0
1,3,5,trial_111,subject_5,NA,1
2,3,5,trial_112,subject_5,NA,0
3,3,5,trial_113,subject_5,NA,1
4,3,5,trial_114,subject_5,NA,0
5,3,5,trial_115,subject_5,NA,0
1,4,5,trial_116,subject_5,NA,0
2,4,5,trial_117,subject_5,NA,1
3,4,5,trial_118,subject_5,NA,1
4,4,5,trial_119,subject_5,NA,0
5,4,5,trial_120,subject_5,NA,0
1,5,5,trial_121,subject_5,NA,1
2,5,5,trial_122,subject_5,NA,1
3,5,5,trial_123,subject_5,NA,1
4,5,5,trial_124,subject_5,NA,0
5,5,5,trial_125,subject_5,NA,0
1,1,1,trial_1,subject_6,NA,0
2,1,1,trial_2,subject_6,NA,0
3,1,1,trial_3,subject_6,NA,0
4,1,1,trial_4,subject_6,NA,0
5,1,1,trial_5,subject_6,NA,0
1,2,1,trial_6,subject_6,NA,0
2,2,1,trial_7,subject_6,NA,0
3,2,1,trial_8,subject_6,NA,0
4,2,1,trial_9,subject_6,NA,0
5,2,1,trial_10,subject_6,NA,0
1,3,1,trial_11,subject_6,NA,0
2,3,1,trial_12,subject_6,NA,0
3,3,1,trial_13,subject_6,NA,0
4,3,1,trial_14,subject_6,NA,0
5,3,1,trial_15,subject_6,NA,0
1,4,1,trial_16,subject_6,NA,0
2,4,1,trial_17,subject_6,NA,0
3,4,1,trial_18,subject_6,NA,0
4,4,1,trial_19,subject_6,NA,0
5,4,1,trial_20,subject_6,NA,0
1,5,1,trial_21,subject_6,NA,0
2,5,1,trial_22,subject_6,NA,0
3,5,1,trial_23,subject_6,NA,0
4,5,1,trial_24,subject_6,NA,0
5,5,1,trial_25,subject_6,NA,0
1,1,2,trial_26,subject_6,NA,1
2,1,2,trial_27,subject_6,NA,0
3,1,2,trial_28,subject_6,NA,0
4,1,2,trial_29,subject_6,NA,0
5,1,2,trial_30,subject_6,NA,0
1,2,2,trial_31,subject_6,NA,1
2,2,2,trial_32,subject_6,NA,1
3,2,2,trial_33,subject_6,NA,0
4,2,2,trial_34,subject_6,NA,0
5,2,2,trial_35,subject_6,NA,0
1,3,2,trial_36,subject_6,NA,0
2,3,2,trial_37,subject_6,NA,0
3,3,2,trial_38,subject_6,NA,0
4,3,2,trial_39,subject_6,NA,0
5,3,2,trial_40,subject_6,NA,0
1,4,2,trial_41,subject_6,NA,0
2,4,2,trial_42,subject_6,NA,0
3,4,2,trial_43,subject_6,NA,0
4,4,2,trial_44,subject_6,NA,0
5,4,2,trial_45,subject_6,NA,0
1,5,2,trial_46,subject_6,NA,1
2,5,2,trial_47,subject_6,NA,0
3,5,2,trial_48,subject_6,NA,0
4,5,2,trial_49,subject_6,NA,0
5,5,2,trial_50,subject_6,NA,0
1,1,3,trial_51,subject_6,NA,1
2,1,3,trial_52,subject_6,NA,1
3,1,3,trial_53,subject_6,NA,0
4,1,3,trial_54,subject_6,NA,0
5,1,3,trial_55,subject_6,NA,0
1,2,3,trial_56,subject_6,NA,1
2,2,3,trial_57,subject_6,NA,0
3,2,3,trial_58,subject_6,NA,0
4,2,3,trial_59,subject_6,NA,1
5,2,3,trial_60,subject_6,NA,0
1,3,3,trial_61,subject_6,NA,1
2,3,3,trial_62,subject_6,NA,0
3,3,3,trial_63,subject_6,NA,0
4,3,3,trial_64,subject_6,NA,0
5,3,3,trial_65,subject_6,NA,0
1,4,3,trial_66,subject_6,NA,0
2,4,3,trial_67,subject_6,NA,0
3,4,3,trial_68,subject_6,NA,0
4,4,3,trial_69,subject_6,NA,0
5,4,3,trial_70,subject_6,NA,0
1,5,3,trial_71,subject_6,NA,0
2,5,3,trial_72,subject_6,NA,0
3,5,3,trial_73,subject_6,NA,0
4,5,3,trial_74,subject_6,NA,0
5,5,3,trial_75,subject_6,NA,0
1,1,4,trial_76,subject_6,NA,1
2,1,4,trial_77,subject_6,NA,1
3,1,4,trial_78,subject_6,NA,1
4,1,4,trial_79,subject_6,NA,0
5,1,4,trial_80,subject_6,NA,0
1,2,4,trial_81,subject_6,NA,1
2,2,4,trial_82,subject_6,NA,1
3,2,4,trial_83,subject_6,NA,0
4,2,4,trial_84,subject_6,NA,0
5,2,4,trial_85,subject_6,NA,0
1,3,4,trial_86,subject_6,NA,1
2,3,4,trial_87,subject_6,NA,1
3,3,4,trial_88,subject_6,NA,0
4,3,4,trial_89,subject_6,NA,0
5,3,4,trial_90,subject_6,NA,0
1,4,4,trial_91,subject_6,NA,1
2,4,4,trial_92,subject_6,NA,1
3,4,4,trial_93,subject_6,NA,0
4,4,4,trial_94,subject_6,NA,0
5,4,4,trial_95,subject_6,NA,0
1,5,4,trial_96,subject_6,NA,1
2,5,4,trial_97,subject_6,NA,0
3,5,4,trial_98,subject_6,NA,0
4,5,4,trial_99,subject_6,NA,0
5,5,4,trial_100,subject_6,NA,0
1,1,5,trial_101,subject_6,NA,1
2,1,5,trial_102,subject_6,NA,1
3,1,5,trial_103,subject_6,NA,1
4,1,5,trial_104,subject_6,NA,1
5,1,5,trial_105,subject_6,NA,0
1,2,5,trial_106,subject_6,NA,1
2,2,5,trial_107,subject_6,NA,1
3,2,5,trial_108,subject_6,NA,1
4,2,5,trial_109,subject_6,NA,1
5,2,5,trial_110,subject_6,NA,0
1,3,5,trial_111,subject_6,NA,1
2,3,5,trial_112,subject_6,NA,0
3,3,5,trial_113,subject_6,NA,1
4,3,5,trial_114,subject_6,NA,0
5,3,5,trial_115,subject_6,NA,0
1,4,5,trial_116,subject_6,NA,1
2,4,5,trial_117,subject_6,NA,0
3,4,5,trial_118,subject_6,NA,1
4,4,5,trial_119,subject_6,NA,1
5,4,5,trial_120,subject_6,NA,0
1,5,5,trial_121,subject_6,NA,1
2,5,5,trial_122,subject_6,NA,0
3,5,5,trial_123,subject_6,NA,0
4,5,5,trial_124,subject_6,NA,0
5,5,5,trial_125,subject_6,NA,0
1,1,1,trial_1,subject_7,NA,1
2,1,1,trial_2,subject_7,NA,0
3,1,1,trial_3,subject_7,NA,1
4,1,1,trial_4,subject_7,NA,0
5,1,1,trial_5,subject_7,NA,0
1,2,1,trial_6,subject_7,NA,1
2,2,1,trial_7,subject_7,NA,0
3,2,1,trial_8,subject_7,NA,0
4,2,1,trial_9,subject_7,NA,0
5,2,1,trial_10,subject_7,NA,0
1,3,1,trial_11,subject_7,NA,0
2,3,1,trial_12,subject_7,NA,0
3,3,1,trial_13,subject_7,NA,0
4,3,1,trial_14,subject_7,NA,0
5,3,1,trial_15,subject_7,NA,0
1,4,1,trial_16,subject_7,NA,0
2,4,1,trial_17,subject_7,NA,0
3,4,1,trial_18,subject_7,NA,0
4,4,1,trial_19,subject_7,NA,0
5,4,1,trial_20,subject_7,NA,0
1,5,1,trial_21,subject_7,NA,0
2,5,1,trial_22,subject_7,NA,0
3,5,1,trial_23,subject_7,NA,0
4,5,1,trial_24,subject_7,NA,0
5,5,1,trial_25,subject_7,NA,0
1,1,2,trial_26,subject_7,NA,0
2,1,2,trial_27,subject_7,NA,1
3,1,2,trial_28,subject_7,NA,0
4,1,2,trial_29,subject_7,NA,0
5,1,2,trial_30,subject_7,NA,0
1,2,2,trial_31,subject_7,NA,1
2,2,2,trial_32,subject_7,NA,0
3,2,2,trial_33,subject_7,NA,1
4,2,2,trial_34,subject_7,NA,0
5,2,2,trial_35,subject_7,NA,0
1,3,2,trial_36,subject_7,NA,1
2,3,2,trial_37,subject_7,NA,0
3,3,2,trial_38,subject_7,NA,0
4,3,2,trial_39,subject_7,NA,0
5,3,2,trial_40,subject_7,NA,0
1,4,2,trial_41,subject_7,NA,0
2,4,2,trial_42,subject_7,NA,1
3,4,2,trial_43,subject_7,NA,0
4,4,2,trial_44,subject_7,NA,0
5,4,2,trial_45,subject_7,NA,0
1,5,2,trial_46,subject_7,NA,0
2,5,2,trial_47,subject_7,NA,0
3,5,2,trial_48,subject_7,NA,0
4,5,2,trial_49,subject_7,NA,0
5,5,2,trial_50,subject_7,NA,0
1,1,3,trial_51,subject_7,NA,1
2,1,3,trial_52,subject_7,NA,1
3,1,3,trial_53,subject_7,NA,0
4,1,3,trial_54,subject_7,NA,1
5,1,3,trial_55,subject_7,NA,0
1,2,3,trial_56,subject_7,NA,1
2,2,3,trial_57,subject_7,NA,0
3,2,3,trial_58,subject_7,NA,1
4,2,3,trial_59,subject_7,NA,0
5,2,3,trial_60,subject_7,NA,0
1,3,3,trial_61,subject_7,NA,0
2,3,3,trial_62,subject_7,NA,1
3,3,3,trial_63,subject_7,NA,0
4,3,3,trial_64,subject_7,NA,0
5,3,3,trial_65,subject_7,NA,0
1,4,3,trial_66,subject_7,NA,1
2,4,3,trial_67,subject_7,NA,1
3,4,3,trial_68,subject_7,NA,0
4,4,3,trial_69,subject_7,NA,1
5,4,3,trial_70,subject_7,NA,0
1,5,3,trial_71,subject_7,NA,0
2,5,3,trial_72,subject_7,NA,0
3,5,3,trial_73,subject_7,NA,0
4,5,3,trial_74,subject_7,NA,0
5,5,3,trial_75,subject_7,NA,0
1,1,4,trial_76,subject_7,NA,1
2,1,4,trial_77,subject_7,NA,1
3,1,4,trial_78,subject_7,NA,1
4,1,4,trial_79,subject_7,NA,0
5,1,4,trial_80,subject_7,NA,0
1,2,4,trial_81,subject_7,NA,1
2,2,4,trial_82,subject_7,NA,1
3,2,4,trial_83,subject_7,NA,1
4,2,4,trial_84,subject_7,NA,0
5,2,4,trial_85,subject_7,NA,0
1,3,4,trial_86,subject_7,NA,1
2,3,4,trial_87,subject_7,NA,0
3,3,4,trial_88,subject_7,NA,0
4,3,4,trial_89,subject_7,NA,0
5,3,4,trial_90,subject_7,NA,0
1,4,4,trial_91,subject_7,NA,1
2,4,4,trial_92,subject_7,NA,1
3,4,4,trial_93,subject_7,NA,1
4,4,4,trial_94,subject_7,NA,1
5,4,4,trial_95,subject_7,NA,0
1,5,4,trial_96,subject_7,NA,0
2,5,4,trial_97,subject_7,NA,0
3,5,4,trial_98,subject_7,NA,0
4,5,4,trial_99,subject_7,NA,0
5,5,4,trial_100,subject_7,NA,0
1,1,5,trial_101,subject_7,NA,1
2,1,5,trial_102,subject_7,NA,1
3,1,5,trial_103,subject_7,NA,0
4,1,5,trial_104,subject_7,NA,0
5,1,5,trial_105,subject_7,NA,0
1,2,5,trial_106,subject_7,NA,1
2,2,5,trial_107,subject_7,NA,1
3,2,5,trial_108,subject_7,NA,1
4,2,5,trial_109,subject_7,NA,1
5,2,5,trial_110,subject_7,NA,1
1,3,5,trial_111,subject_7,NA,1
2,3,5,trial_112,subject_7,NA,1
3,3,5,trial_113,subject_7,NA,1
4,3,5,trial_114,subject_7,NA,1
5,3,5,trial_115,subject_7,NA,0
1,4,5,trial_116,subject_7,NA,0
2,4,5,trial_117,subject_7,NA,1
3,4,5,trial_118,subject_7,NA,0
4,4,5,trial_119,subject_7,NA,0
5,4,5,trial_120,subject_7,NA,0
1,5,5,trial_121,subject_7,NA,0
2,5,5,trial_122,subject_7,NA,0
3,5,5,trial_123,subject_7,NA,0
4,5,5,trial_124,subject_7,NA,0
5,5,5,trial_125,subject_7,NA,0
1,1,1,trial_1,subject_8,NA,0
2,1,1,trial_2,subject_8,NA,0
3,1,1,trial_3,subject_8,NA,0
4,1,1,trial_4,subject_8,NA,0
5,1,1,trial_5,subject_8,NA,0
1,2,1,trial_6,subject_8,NA,0
2,2,1,trial_7,subject_8,NA,0
3,2,1,trial_8,subject_8,NA,1
4,2,1,trial_9,subject_8,NA,0
5,2,1,trial_10,subject_8,NA,0
1,3,1,trial_11,subject_8,NA,0
2,3,1,trial_12,subject_8,NA,0
3,3,1,trial_13,subject_8,NA,0
4,3,1,trial_14,subject_8,NA,0
5,3,1,trial_15,subject_8,NA,0
1,4,1,trial_16,subject_8,NA,0
2,4,1,trial_17,subject_8,NA,0
3,4,1,trial_18,subject_8,NA,0
4,4,1,trial_19,subject_8,NA,0
5,4,1,trial_20,subject_8,NA,0
1,5,1,trial_21,subject_8,NA,0
2,5,1,trial_22,subject_8,NA,0
3,5,1,trial_23,subject_8,NA,0
4,5,1,trial_24,subject_8,NA,0
5,5,1,trial_25,subject_8,NA,0
1,1,2,trial_26,subject_8,NA,1
2,1,2,trial_27,subject_8,NA,1
3,1,2,trial_28,subject_8,NA,1
4,1,2,trial_29,subject_8,NA,0
5,1,2,trial_30,subject_8,NA,0
1,2,2,trial_31,subject_8,NA,1
2,2,2,trial_32,subject_8,NA,0
3,2,2,trial_33,subject_8,NA,0
4,2,2,trial_34,subject_8,NA,0
5,2,2,trial_35,subject_8,NA,0
1,3,2,trial_36,subject_8,NA,0
2,3,2,trial_37,subject_8,NA,0
3,3,2,trial_38,subject_8,NA,0
4,3,2,trial_39,subject_8,NA,0
5,3,2,trial_40,subject_8,NA,0
1,4,2,trial_41,subject_8,NA,0
2,4,2,trial_42,subject_8,NA,0
3,4,2,trial_43,subject_8,NA,0
4,4,2,trial_44,subject_8,NA,0
5,4,2,trial_45,subject_8,NA,0
1,5,2,trial_46,subject_8,NA,0
2,5,2,trial_47,subject_8,NA,0
3,5,2,trial_48,subject_8,NA,0
4,5,2,trial_49,subject_8,NA,0
5,5,2,trial_50,subject_8,NA,0
1,1,3,trial_51,subject_8,NA,1
2,1,3,trial_52,subject_8,NA,1
3,1,3,trial_53,subject_8,NA,1
4,1,3,trial_54,subject_8,NA,0
5,1,3,trial_55,subject_8,NA,0
1,2,3,trial_56,subject_8,NA,1
2,2,3,trial_57,subject_8,NA,0
3,2,3,trial_58,subject_8,NA,0
4,2,3,trial_59,subject_8,NA,0
5,2,3,trial_60,subject_8,NA,0
1,3,3,trial_61,subject_8,NA,1
2,3,3,trial_62,subject_8,NA,1
3,3,3,trial_63,subject_8,NA,1
4,3,3,trial_64,subject_8,NA,0
5,3,3,trial_65,subject_8,NA,0
1,4,3,trial_66,subject_8,NA,0
2,4,3,trial_67,subject_8,NA,0
3,4,3,trial_68,subject_8,NA,0
4,4,3,trial_69,subject_8,NA,0
5,4,3,trial_70,subject_8,NA,0
1,5,3,trial_71,subject_8,NA,0
2,5,3,trial_72,subject_8,NA,1
3,5,3,trial_73,subject_8,NA,0
4,5,3,trial_74,subject_8,NA,0
5,5,3,trial_75,subject_8,NA,0
1,1,4,trial_76,subject_8,NA,1
2,1,4,trial_77,subject_8,NA,1
3,1,4,trial_78,subject_8,NA,1
4,1,4,trial_79,subject_8,NA,0
5,1,4,trial_80,subject_8,NA,1
1,2,4,trial_81,subject_8,NA,1
2,2,4,trial_82,subject_8,NA,1
3,2,4,trial_83,subject_8,NA,1
4,2,4,trial_84,subject_8,NA,1
5,2,4,trial_85,subject_8,NA,0
1,3,4,trial_86,subject_8,NA,0
2,3,4,trial_87,subject_8,NA,1
3,3,4,trial_88,subject_8,NA,0
4,3,4,trial_89,subject_8,NA,0
5,3,4,trial_90,subject_8,NA,0
1,4,4,trial_91,subject_8,NA,1
2,4,4,trial_92,subject_8,NA,0
3,4,4,trial_93,subject_8,NA,0
4,4,4,trial_94,subject_8,NA,0
5,4,4,trial_95,subject_8,NA,0
1,5,4,trial_96,subject_8,NA,1
2,5,4,trial_97,subject_8,NA,0
3,5,4,trial_98,subject_8,NA,0
4,5,4,trial_99,subject_8,NA,0
5,5,4,trial_100,subject_8,NA,0
1,1,5,trial_101,subject_8,NA,1
2,1,5,trial_102,subject_8,NA,1
3,1,5,trial_103,subject_8,NA,1
4,1,5,trial_104,subject_8,NA,1
5,1,5,trial_105,subject_8,NA,1
1,2,5,trial_106,subject_8,NA,1
2,2,5,trial_107,subject_8,NA,0
3,2,5,trial_108,subject_8,NA,1
4,2,5,trial_109,subject_8,NA,0
5,2,5,trial_110,subject_8,NA,0
1,3,5,trial_111,subject_8,NA,1
2,3,5,trial_112,subject_8,NA,1
3,3,5,trial_113,subject_8,NA,1
4,3,5,trial_114,subject_8,NA,1
5,3,5,trial_115,subject_8,NA,1
1,4,5,trial_116,subject_8,NA,1
2,4,5,trial_117,subject_8,NA,1
3,4,5,trial_118,subject_8,NA,0
4,4,5,trial_119,subject_8,NA,0
5,4,5,trial_120,subject_8,NA,0
1,5,5,trial_121,subject_8,NA,0
2,5,5,trial_122,subject_8,NA,1
3,5,5,trial_123,subject_8,NA,0
4,5,5,trial_124,subject_8,NA,0
5,5,5,trial_125,subject_8,NA,0
1,1,1,trial_1,subject_9,NA,0
2,1,1,trial_2,subject_9,NA,0
3,1,1,trial_3,subject_9,NA,0
4,1,1,trial_4,subject_9,NA,1
5,1,1,trial_5,subject_9,NA,0
1,2,1,trial_6,subject_9,NA,0
2,2,1,trial_7,subject_9,NA,0
3,2,1,trial_8,subject_9,NA,0
4,2,1,trial_9,subject_9,NA,0
5,2,1,trial_10,subject_9,NA,0
1,3,1,trial_11,subject_9,NA,0
2,3,1,trial_12,subject_9,NA,0
3,3,1,trial_13,subject_9,NA,0
4,3,1,trial_14,subject_9,NA,0
5,3,1,trial_15,subject_9,NA,0
1,4,1,trial_16,subject_9,NA,0
2,4,1,trial_17,subject_9,NA,0
3,4,1,trial_18,subject_9,NA,0
4,4,1,trial_19,subject_9,NA,0
5,4,1,trial_20,subject_9,NA,0
1,5,1,trial_21,subject_9,NA,0
2,5,1,trial_22,subject_9,NA,0
3,5,1,trial_23,subject_9,NA,1
4,5,1,trial_24,subject_9,NA,0
5,5,1,trial_25,subject_9,NA,0
1,1,2,trial_26,subject_9,NA,1
2,1,2,trial_27,subject_9,NA,0
3,1,2,trial_28,subject_9,NA,0
4,1,2,trial_29,subject_9,NA,0
5,1,2,trial_30,subject_9,NA,0
1,2,2,trial_31,subject_9,NA,1
2,2,2,trial_32,subject_9,NA,0
3,2,2,trial_33,subject_9,NA,1
4,2,2,trial_34,subject_9,NA,0
5,2,2,trial_35,subject_9,NA,0
1,3,2,trial_36,subject_9,NA,0
2,3,2,trial_37,subject_9,NA,0
3,3,2,trial_38,subject_9,NA,1
4,3,2,trial_39,subject_9,NA,0
5,3,2,trial_40,subject_9,NA,0
1,4,2,trial_41,subject_9,NA,1
2,4,2,trial_42,subject_9,NA,0
3,4,2,trial_43,subject_9,NA,0
4,4,2,trial_44,subject_9,NA,0
5,4,2,trial_45,subject_9,NA,0
1,5,2,trial_46,subject_9,NA,0
2,5,2,trial_47,subject_9,NA,0
3,5,2,trial_48,subject_9,NA,0
4,5,2,trial_49,subject_9,NA,0
5,5,2,trial_50,subject_9,NA,0
1,1,3,trial_51,subject_9,NA,0
2,1,3,trial_52,subject_9,NA,1
3,1,3,trial_53,subject_9,NA,0
4,1,3,trial_54,subject_9,NA,0
5,1,3,trial_55,subject_9,NA,0
1,2,3,trial_56,subject_9,NA,1
2,2,3,trial_57,subject_9,NA,1
3,2,3,trial_58,subject_9,NA,0
4,2,3,trial_59,subject_9,NA,0
5,2,3,trial_60,subject_9,NA,0
1,3,3,trial_61,subject_9,NA,0
2,3,3,trial_62,subject_9,NA,0
3,3,3,trial_63,subject_9,NA,0
4,3,3,trial_64,subject_9,NA,1
5,3,3,trial_65,subject_9,NA,0
1,4,3,trial_66,subject_9,NA,0
2,4,3,trial_67,subject_9,NA,0
3,4,3,trial_68,subject_9,NA,1
4,4,3,trial_69,subject_9,NA,0
5,4,3,trial_70,subject_9,NA,0
1,5,3,trial_71,subject_9,NA,0
2,5,3,trial_72,subject_9,NA,0
3,5,3,trial_73,subject_9,NA,1
4,5,3,trial_74,subject_9,NA,0
5,5,3,trial_75,subject_9,NA,0
1,1,4,trial_76,subject_9,NA,1
2,1,4,trial_77,subject_9,NA,1
3,1,4,trial_78,subject_9,NA,1
4,1,4,trial_79,subject_9,NA,1
5,1,4,trial_80,subject_9,NA,0
1,2,4,trial_81,subject_9,NA,1
2,2,4,trial_82,subject_9,NA,1
3,2,4,trial_83,subject_9,NA,1
4,2,4,trial_84,subject_9,NA,0
5,2,4,trial_85,subject_9,NA,0
1,3,4,trial_86,subject_9,NA,1
2,3,4,trial_87,subject_9,NA,1
3,3,4,trial_88,subject_9,NA,1
4,3,4,trial_89,subject_9,NA,0
5,3,4,trial_90,subject_9,NA,0
1,4,4,trial_91,subject_9,NA,0
2,4,4,trial_92,subject_9,NA,0
3,4,4,trial_93,subject_9,NA,0
4,4,4,trial_94,subject_9,NA,0
5,4,4,trial_95,subject_9,NA,0
1,5,4,trial_96,subject_9,NA,1
2,5,4,trial_97,subject_9,NA,0
3,5,4,trial_98,subject_9,NA,0
4,5,4,trial_99,subject_9,NA,0
5,5,4,trial_100,subject_9,NA,0
1,1,5,trial_101,subject_9,NA,1
2,1,5,trial_102,subject_9,NA,1
3,1,5,trial_103,subject_9,NA,1
4,1,5,trial_104,subject_9,NA,1
5,1,5,trial_105,subject_9,NA,0
1,2,5,trial_106,subject_9,NA,1
2,2,5,trial_107,subject_9,NA,1
3,2,5,trial_108,subject_9,NA,1
4,2,5,trial_109,subject_9,NA,1
5,2,5,trial_110,subject_9,NA,0
1,3,5,trial_111,subject_9,NA,1
2,3,5,trial_112,subject_9,NA,1
3,3,5,trial_113,subject_9,NA,1
4,3,5,trial_114,subject_9,NA,0
5,3,5,trial_115,subject_9,NA,0
1,4,5,trial_116,subject_9,NA,1
2,4,5,trial_117,subject_9,NA,1
3,4,5,trial_118,subject_9,NA,0
4,4,5,trial_119,subject_9,NA,1
5,4,5,trial_120,subject_9,NA,0
1,5,5,trial_121,subject_9,NA,1
2,5,5,trial_122,subject_9,NA,1
3,5,5,trial_123,subject_9,NA,0
4,5,5,trial_124,subject_9,NA,0
5,5,5,trial_125,subject_9,NA,0
1,1,1,trial_1,subject_10,NA,0
2,1,1,trial_2,subject_10,NA,0
3,1,1,trial_3,subject_10,NA,0
4,1,1,trial_4,subject_10,NA,0
5,1,1,trial_5,subject_10,NA,0
1,2,1,trial_6,subject_10,NA,1
2,2,1,trial_7,subject_10,NA,1
3,2,1,trial_8,subject_10,NA,0
4,2,1,trial_9,subject_10,NA,0
5,2,1,trial_10,subject_10,NA,0
1,3,1,trial_11,subject_10,NA,1
2,3,1,trial_12,subject_10,NA,0
3,3,1,trial_13,subject_10,NA,0
4,3,1,trial_14,subject_10,NA,0
5,3,1,trial_15,subject_10,NA,0
1,4,1,trial_16,subject_10,NA,0
2,4,1,trial_17,subject_10,NA,0
3,4,1,trial_18,subject_10,NA,0
4,4,1,trial_19,subject_10,NA,0
5,4,1,trial_20,subject_10,NA,0
1,5,1,trial_21,subject_10,NA,0
2,5,1,trial_22,subject_10,NA,0
3,5,1,trial_23,subject_10,NA,0
4,5,1,trial_24,subject_10,NA,0
5,5,1,trial_25,subject_10,NA,0
1,1,2,trial_26,subject_10,NA,1
2,1,2,trial_27,subject_10,NA,1
3,1,2,trial_28,subject_10,NA,0
4,1,2,trial_29,subject_10,NA,0
5,1,2,trial_30,subject_10,NA,0
1,2,2,trial_31,subject_10,NA,1
2,2,2,trial_32,subject_10,NA,0
3,2,2,trial_33,subject_10,NA,0
4,2,2,trial_34,subject_10,NA,0
5,2,2,trial_35,subject_10,NA,0
1,3,2,trial_36,subject_10,NA,0
2,3,2,trial_37,subject_10,NA,0
3,3,2,trial_38,subject_10,NA,0
4,3,2,trial_39,subject_10,NA,0
5,3,2,trial_40,subject_10,NA,0
1,4,2,trial_41,subject_10,NA,1
2,4,2,trial_42,subject_10,NA,0
3,4,2,trial_43,subject_10,NA,0
4,4,2,trial_44,subject_10,NA,0
5,4,2,trial_45,subject_10,NA,0
1,5,2,trial_46,subject_10,NA,0
2,5,2,trial_47,subject_10,NA,0
3,5,2,trial_48,subject_10,NA,0
4,5,2,trial_49,subject_10,NA,0
5,5,2,trial_50,subject_10,NA,0
1,1,3,trial_51,subject_10,NA,1
2,1,3,trial_52,subject_10,NA,0
3,1,3,trial_53,subject_10,NA,1
4,1,3,trial_54,subject_10,NA,1
5,1,3,trial_55,subject_10,NA,0
1,2,3,trial_56,subject_10,NA,1
2,2,3,trial_57,subject_10,NA,0
3,2,3,trial_58,subject_10,NA,1
4,2,3,trial_59,subject_10,NA,0
5,2,3,trial_60,subject_10,NA,0
1,3,3,trial_61,subject_10,NA,0
2,3,3,trial_62,subject_10,NA,1
3,3,3,trial_63,subject_10,NA,0
4,3,3,trial_64,subject_10,NA,0
5,3,3,trial_65,subject_10,NA,0
1,4,3,trial_66,subject_10,NA,0
2,4,3,trial_67,subject_10,NA,0
3,4,3,trial_68,subject_10,NA,0
4,4,3,trial_69,subject_10,NA,0
5,4,3,trial_70,subject_10,NA,0
1,5,3,trial_71,subject_10,NA,0
2,5,3,trial_72,subject_10,NA,0
3,5,3,trial_73,subject_10,NA,0
4,5,3,trial_74,subject_10,NA,0
5,5,3,trial_75,subject_10,NA,0
1,1,4,trial_76,subject_10,NA,1
2,1,4,trial_77,subject_10,NA,1
3,1,4,trial_78,subject_10,NA,1
4,1,4,trial_79,subject_10,NA,1
5,1,4,trial_80,subject_10,NA,1
1,2,4,trial_81,subject_10,NA,1
2,2,4,trial_82,subject_10,NA,1
3,2,4,trial_83,subject_10,NA,0
4,2,4,trial_84,subject_10,NA,0
5,2,4,trial_85,subject_10,NA,1
1,3,4,trial_86,subject_10,NA,1
2,3,4,trial_87,subject_10,NA,1
3,3,4,trial_88,subject_10,NA,0
4,3,4,trial_89,subject_10,NA,0
5,3,4,trial_90,subject_10,NA,0
1,4,4,trial_91,subject_10,NA,1
2,4,4,trial_92,subject_10,NA,0
3,4,4,trial_93,subject_10,NA,1
4,4,4,trial_94,subject_10,NA,0
5,4,4,trial_95,subject_10,NA,0
1,5,4,trial_96,subject_10,NA,0
2,5,4,trial_97,subject_10,NA,0
3,5,4,trial_98,subject_10,NA,0
4,5,4,trial_99,subject_10,NA,0
5,5,4,trial_100,subject_10,NA,0
1,1,5,trial_101,subject_10,NA,1
2,1,5,trial_102,subject_10,NA,1
3,1,5,trial_103,subject_10,NA,1
4,1,5,trial_104,subject_10,NA,1
5,1,5,trial_105,subject_10,NA,1
1,2,5,trial_106,subject_10,NA,1
2,2,5,trial_107,subject_10,NA,1
3,2,5,trial_108,subject_10,NA,1
4,2,5,trial_109,subject_10,NA,1
5,2,5,trial_110,subject_10,NA,0
1,3,5,trial_111,subject_10,NA,1
2,3,5,trial_112,subject_10,NA,1
3,3,5,trial_113,subject_10,NA,1
4,3,5,trial_114,subject_10,NA,0
5,3,5,trial_115,subject_10,NA,1
1,4,5,trial_116,subject_10,NA,1
2,4,5,trial_117,subject_10,NA,1
3,4,5,trial_118,subject_10,NA,0
4,4,5,trial_119,subject_10,NA,0
5,4,5,trial_120,subject_10,NA,0
1,5,5,trial_121,subject_10,NA,1
2,5,5,trial_122,subject_10,NA,0
3,5,5,trial_123,subject_10,NA,0
4,5,5,trial_124,subject_10,NA,0
5,5,5,trial_125,subject_10,NA,0
1,1,1,trial_1,subject_11,NA,0
2,1,1,trial_2,subject_11,NA,0
3,1,1,trial_3,subject_11,NA,0
4,1,1,trial_4,subject_11,NA,0
5,1,1,trial_5,subject_11,NA,0
1,2,1,trial_6,subject_11,NA,1
2,2,1,trial_7,subject_11,NA,0
3,2,1,trial_8,subject_11,NA,0
4,2,1,trial_9,subject_11,NA,0
5,2,1,trial_10,subject_11,NA,0
1,3,1,trial_11,subject_11,NA,0
2,3,1,trial_12,subject_11,NA,0
3,3,1,trial_13,subject_11,NA,0
4,3,1,trial_14,subject_11,NA,0
5,3,1,trial_15,subject_11,NA,0
1,4,1,trial_16,subject_11,NA,0
2,4,1,trial_17,subject_11,NA,0
3,4,1,trial_18,subject_11,NA,0
4,4,1,trial_19,subject_11,NA,0
5,4,1,trial_20,subject_11,NA,0
1,5,1,trial_21,subject_11,NA,0
2,5,1,trial_22,subject_11,NA,0
3,5,1,trial_23,subject_11,NA,0
4,5,1,trial_24,subject_11,NA,0
5,5,1,trial_25,subject_11,NA,0
1,1,2,trial_26,subject_11,NA,1
2,1,2,trial_27,subject_11,NA,1
3,1,2,trial_28,subject_11,NA,0
4,1,2,trial_29,subject_11,NA,0
5,1,2,trial_30,subject_11,NA,0
1,2,2,trial_31,subject_11,NA,1
2,2,2,trial_32,subject_11,NA,1
3,2,2,trial_33,subject_11,NA,0
4,2,2,trial_34,subject_11,NA,0
5,2,2,trial_35,subject_11,NA,0
1,3,2,trial_36,subject_11,NA,0
2,3,2,trial_37,subject_11,NA,0
3,3,2,trial_38,subject_11,NA,1
4,3,2,trial_39,subject_11,NA,0
5,3,2,trial_40,subject_11,NA,0
1,4,2,trial_41,subject_11,NA,0
2,4,2,trial_42,subject_11,NA,0
3,4,2,trial_43,subject_11,NA,0
4,4,2,trial_44,subject_11,NA,0
5,4,2,trial_45,subject_11,NA,0
1,5,2,trial_46,subject_11,NA,0
2,5,2,trial_47,subject_11,NA,0
3,5,2,trial_48,subject_11,NA,0
4,5,2,trial_49,subject_11,NA,0
5,5,2,trial_50,subject_11,NA,0
1,1,3,trial_51,subject_11,NA,1
2,1,3,trial_52,subject_11,NA,0
3,1,3,trial_53,subject_11,NA,0
4,1,3,trial_54,subject_11,NA,1
5,1,3,trial_55,subject_11,NA,0
1,2,3,trial_56,subject_11,NA,1
2,2,3,trial_57,subject_11,NA,0
3,2,3,trial_58,subject_11,NA,1
4,2,3,trial_59,subject_11,NA,0
5,2,3,trial_60,subject_11,NA,0
1,3,3,trial_61,subject_11,NA,0
2,3,3,trial_62,subject_11,NA,0
3,3,3,trial_63,subject_11,NA,0
4,3,3,trial_64,subject_11,NA,0
5,3,3,trial_65,subject_11,NA,0
1,4,3,trial_66,subject_11,NA,0
2,4,3,trial_67,subject_11,NA,0
3,4,3,trial_68,subject_11,NA,0
4,4,3,trial_69,subject_11,NA,1
5,4,3,trial_70,subject_11,NA,0
1,5,3,trial_71,subject_11,NA,0
2,5,3,trial_72,subject_11,NA,0
3,5,3,trial_73,subject_11,NA,0
4,5,3,trial_74,subject_11,NA,0
5,5,3,trial_75,subject_11,NA,0
1,1,4,trial_76,subject_11,NA,0
2,1,4,trial_77,subject_11,NA,1
3,1,4,trial_78,subject_11,NA,1
4,1,4,trial_79,subject_11,NA,1
5,1,4,trial_80,subject_11,NA,0
1,2,4,trial_81,subject_11,NA,1
2,2,4,trial_82,subject_11,NA,1
3,2,4,trial_83,subject_11,NA,1
4,2,4,trial_84,subject_11,NA,0
5,2,4,trial_85,subject_11,NA,0
1,3,4,trial_86,subject_11,NA,1
2,3,4,trial_87,subject_11,NA,0
3,3,4,trial_88,subject_11,NA,0
4,3,4,trial_89,subject_11,NA,1
5,3,4,trial_90,subject_11,NA,0
1,4,4,trial_91,subject_11,NA,1
2,4,4,trial_92,subject_11,NA,0
3,4,4,trial_93,subject_11,NA,0
4,4,4,trial_94,subject_11,NA,0
5,4,4,trial_95,subject_11,NA,0
1,5,4,trial_96,subject_11,NA,0
2,5,4,trial_97,subject_11,NA,0
3,5,4,trial_98,subject_11,NA,0
4,5,4,trial_99,subject_11,NA,0
5,5,4,trial_100,subject_11,NA,0
1,1,5,trial_101,subject_11,NA,1
2,1,5,trial_102,subject_11,NA,1
3,1,5,trial_103,subject_11,NA,1
4,1,5,trial_104,subject_11,NA,1
5,1,5,trial_105,subject_11,NA,1
1,2,5,trial_106,subject_11,NA,1
2,2,5,trial_107,subject_11,NA,1
3,2,5,trial_108,subject_11,NA,1
4,2,5,trial_109,subject_11,NA,1
5,2,5,trial_110,subject_11,NA,0
1,3,5,trial_111,subject_11,NA,1
2,3,5,trial_112,subject_11,NA,0
3,3,5,trial_113,subject_11,NA,0
4,3,5,trial_114,subject_11,NA,0
5,3,5,trial_115,subject_11,NA,0
1,4,5,trial_116,subject_11,NA,1
2,4,5,trial_117,subject_11,NA,1
3,4,5,trial_118,subject_11,NA,0
4,4,5,trial_119,subject_11,NA,0
5,4,5,trial_120,subject_11,NA,0
1,5,5,trial_121,subject_11,NA,0
2,5,5,trial_122,subject_11,NA,1
3,5,5,trial_123,subject_11,NA,0
4,5,5,trial_124,subject_11,NA,0
5,5,5,trial_125,subject_11,NA,0
1,1,1,trial_1,subject_12,NA,1
2,1,1,trial_2,subject_12,NA,0
3,1,1,trial_3,subject_12,NA,0
4,1,1,trial_4,subject_12,NA,0
5,1,1,trial_5,subject_12,NA,0
1,2,1,trial_6,subject_12,NA,1
2,2,1,trial_7,subject_12,NA,0
3,2,1,trial_8,subject_12,NA,0
4,2,1,trial_9,subject_12,NA,0
5,2,1,trial_10,subject_12,NA,0
1,3,1,trial_11,subject_12,NA,0
2,3,1,trial_12,subject_12,NA,0
3,3,1,trial_13,subject_12,NA,0
4,3,1,trial_14,subject_12,NA,0
5,3,1,trial_15,subject_12,NA,0
1,4,1,trial_16,subject_12,NA,0
2,4,1,trial_17,subject_12,NA,0
3,4,1,trial_18,subject_12,NA,0
4,4,1,trial_19,subject_12,NA,0
5,4,1,trial_20,subject_12,NA,0
1,5,1,trial_21,subject_12,NA,0
2,5,1,trial_22,subject_12,NA,1
3,5,1,trial_23,subject_12,NA,0
4,5,1,trial_24,subject_12,NA,0
5,5,1,trial_25,subject_12,NA,0
1,1,2,trial_26,subject_12,NA,1
2,1,2,trial_27,subject_12,NA,0
3,1,2,trial_28,subject_12,NA,1
4,1,2,trial_29,subject_12,NA,1
5,1,2,trial_30,subject_12,NA,0
1,2,2,trial_31,subject_12,NA,0
2,2,2,trial_32,subject_12,NA,1
3,2,2,trial_33,subject_12,NA,0
4,2,2,trial_34,subject_12,NA,0
5,2,2,trial_35,subject_12,NA,0
1,3,2,trial_36,subject_12,NA,0
2,3,2,trial_37,subject_12,NA,0
3,3,2,trial_38,subject_12,NA,0
4,3,2,trial_39,subject_12,NA,0
5,3,2,trial_40,subject_12,NA,0
1,4,2,trial_41,subject_12,NA,0
2,4,2,trial_42,subject_12,NA,0
3,4,2,trial_43,subject_12,NA,0
4,4,2,trial_44,subject_12,NA,0
5,4,2,trial_45,subject_12,NA,0
1,5,2,trial_46,subject_12,NA,0
2,5,2,trial_47,subject_12,NA,0
3,5,2,trial_48,subject_12,NA,0
4,5,2,trial_49,subject_12,NA,0
5,5,2,trial_50,subject_12,NA,0
1,1,3,trial_51,subject_12,NA,1
2,1,3,trial_52,subject_12,NA,1
3,1,3,trial_53,subject_12,NA,1
4,1,3,trial_54,subject_12,NA,1
5,1,3,trial_55,subject_12,NA,0
1,2,3,trial_56,subject_12,NA,1
2,2,3,trial_57,subject_12,NA,0
3,2,3,trial_58,subject_12,NA,1
4,2,3,trial_59,subject_12,NA,0
5,2,3,trial_60,subject_12,NA,0
1,3,3,trial_61,subject_12,NA,1
2,3,3,trial_62,subject_12,NA,0
3,3,3,trial_63,subject_12,NA,0
4,3,3,trial_64,subject_12,NA,0
5,3,3,trial_65,subject_12,NA,1
1,4,3,trial_66,subject_12,NA,0
2,4,3,trial_67,subject_12,NA,0
3,4,3,trial_68,subject_12,NA,0
4,4,3,trial_69,subject_12,NA,0
5,4,3,trial_70,subject_12,NA,0
1,5,3,trial_71,subject_12,NA,0
2,5,3,trial_72,subject_12,NA,0
3,5,3,trial_73,subject_12,NA,0
4,5,3,trial_74,subject_12,NA,0
5,5,3,trial_75,subject_12,NA,0
1,1,4,trial_76,subject_12,NA,1
2,1,4,trial_77,subject_12,NA,1
3,1,4,trial_78,subject_12,NA,1
4,1,4,trial_79,subject_12,NA,1
5,1,4,trial_80,subject_12,NA,0
1,2,4,trial_81,subject_12,NA,1
2,2,4,trial_82,subject_12,NA,1
3,2,4,trial_83,subject_12,NA,0
4,2,4,trial_84,subject_12,NA,0
5,2,4,trial_85,subject_12,NA,0
1,3,4,trial_86,subject_12,NA,1
2,3,4,trial_87,subject_12,NA,0
3,3,4,trial_88,subject_12,NA,0
4,3,4,trial_89,subject_12,NA,0
5,3,4,trial_90,subject_12,NA,0
1,4,4,trial_91,subject_12,NA,1
2,4,4,trial_92,subject_12,NA,1
3,4,4,trial_93,subject_12,NA,0
4,4,4,trial_94,subject_12,NA,0
5,4,4,trial_95,subject_12,NA,0
1,5,4,trial_96,subject_12,NA,0
2,5,4,trial_97,subject_12,NA,0
3,5,4,trial_98,subject_12,NA,0
4,5,4,trial_99,subject_12,NA,0
5,5,4,trial_100,subject_12,NA,0
1,1,5,trial_101,subject_12,NA,1
2,1,5,trial_102,subject_12,NA,1
3,1,5,trial_103,subject_12,NA,1
4,1,5,trial_104,subject_12,NA,1
5,1,5,trial_105,subject_12,NA,0
1,2,5,trial_106,subject_12,NA,1
2,2,5,trial_107,subject_12,NA,1
3,2,5,trial_108,subject_12,NA,1
4,2,5,trial_109,subject_12,NA,0
5,2,5,trial_110,subject_12,NA,1
1,3,5,trial_111,subject_12,NA,1
2,3,5,trial_112,subject_12,NA,0
3,3,5,trial_113,subject_12,NA,1
4,3,5,trial_114,subject_12,NA,1
5,3,5,trial_115,subject_12,NA,0
1,4,5,trial_116,subject_12,NA,1
2,4,5,trial_117,subject_12,NA,1
3,4,5,trial_118,subject_12,NA,1
4,4,5,trial_119,subject_12,NA,0
5,4,5,trial_120,subject_12,NA,0
1,5,5,trial_121,subject_12,NA,0
2,5,5,trial_122,subject_12,NA,0
3,5,5,trial_123,subject_12,NA,0
4,5,5,trial_124,subject_12,NA,0
5,5,5,trial_125,subject_12,NA,0
1,1,1,trial_1,subject_13,NA,1
2,1,1,trial_2,subject_13,NA,1
3,1,1,trial_3,subject_13,NA,0
4,1,1,trial_4,subject_13,NA,1
5,1,1,trial_5,subject_13,NA,0
1,2,1,trial_6,subject_13,NA,0
2,2,1,trial_7,subject_13,NA,1
3,2,1,trial_8,subject_13,NA,0
4,2,1,trial_9,subject_13,NA,0
5,2,1,trial_10,subject_13,NA,1
1,3,1,trial_11,subject_13,NA,0
2,3,1,trial_12,subject_13,NA,0
3,3,1,trial_13,subject_13,NA,0
4,3,1,trial_14,subject_13,NA,0
5,3,1,trial_15,subject_13,NA,0
1,4,1,trial_16,subject_13,NA,0
2,4,1,trial_17,subject_13,NA,0
3,4,1,trial_18,subject_13,NA,0
4,4,1,trial_19,subject_13,NA,0
5,4,1,trial_20,subject_13,NA,0
1,5,1,trial_21,subject_13,NA,0
2,5,1,trial_22,subject_13,NA,0
3,5,1,trial_23,subject_13,NA,0
4,5,1,trial_24,subject_13,NA,0
5,5,1,trial_25,subject_13,NA,0
1,1,2,trial_26,subject_13,NA,1
2,1,2,trial_27,subject_13,NA,1
3,1,2,trial_28,subject_13,NA,0
4,1,2,trial_29,subject_13,NA,0
5,1,2,trial_30,subject_13,NA,0
1,2,2,trial_31,subject_13,NA,0
2,2,2,trial_32,subject_13,NA,1
3,2,2,trial_33,subject_13,NA,0
4,2,2,trial_34,subject_13,NA,0
5,2,2,trial_35,subject_13,NA,0
1,3,2,trial_36,subject_13,NA,0
2,3,2,trial_37,subject_13,NA,0
3,3,2,trial_38,subject_13,NA,0
4,3,2,trial_39,subject_13,NA,0
5,3,2,trial_40,subject_13,NA,0
1,4,2,trial_41,subject_13,NA,0
2,4,2,trial_42,subject_13,NA,0
3,4,2,trial_43,subject_13,NA,0
4,4,2,trial_44,subject_13,NA,0
5,4,2,trial_45,subject_13,NA,0
1,5,2,trial_46,subject_13,NA,0
2,5,2,trial_47,subject_13,NA,0
3,5,2,trial_48,subject_13,NA,0
4,5,2,trial_49,subject_13,NA,0
5,5,2,trial_50,subject_13,NA,0
1,1,3,trial_51,subject_13,NA,1
2,1,3,trial_52,subject_13,NA,1
3,1,3,trial_53,subject_13,NA,1
4,1,3,trial_54,subject_13,NA,0
5,1,3,trial_55,subject_13,NA,0
1,2,3,trial_56,subject_13,NA,0
2,2,3,trial_57,subject_13,NA,0
3,2,3,trial_58,subject_13,NA,1
4,2,3,trial_59,subject_13,NA,1
5,2,3,trial_60,subject_13,NA,0
1,3,3,trial_61,subject_13,NA,0
2,3,3,trial_62,subject_13,NA,0
3,3,3,trial_63,subject_13,NA,0
4,3,3,trial_64,subject_13,NA,0
5,3,3,trial_65,subject_13,NA,0
1,4,3,trial_66,subject_13,NA,0
2,4,3,trial_67,subject_13,NA,0
3,4,3,trial_68,subject_13,NA,0
4,4,3,trial_69,subject_13,NA,0
5,4,3,trial_70,subject_13,NA,0
1,5,3,trial_71,subject_13,NA,0
2,5,3,trial_72,subject_13,NA,0
3,5,3,trial_73,subject_13,NA,0
4,5,3,trial_74,subject_13,NA,0
5,5,3,trial_75,subject_13,NA,0
1,1,4,trial_76,subject_13,NA,1
2,1,4,trial_77,subject_13,NA,1
3,1,4,trial_78,subject_13,NA,1
4,1,4,trial_79,subject_13,NA,0
5,1,4,trial_80,subject_13,NA,0
1,2,4,trial_81,subject_13,NA,1
2,2,4,trial_82,subject_13,NA,1
3,2,4,trial_83,subject_13,NA,0
4,2,4,trial_84,subject_13,NA,0
5,2,4,trial_85,subject_13,NA,0
1,3,4,trial_86,subject_13,NA,1
2,3,4,trial_87,subject_13,NA,0
3,3,4,trial_88,subject_13,NA,1
4,3,4,trial_89,subject_13,NA,1
5,3,4,trial_90,subject_13,NA,0
1,4,4,trial_91,subject_13,NA,1
2,4,4,trial_92,subject_13,NA,0
3,4,4,trial_93,subject_13,NA,0
4,4,4,trial_94,subject_13,NA,0
5,4,4,trial_95,subject_13,NA,0
1,5,4,trial_96,subject_13,NA,0
2,5,4,trial_97,subject_13,NA,0
3,5,4,trial_98,subject_13,NA,0
4,5,4,trial_99,subject_13,NA,0
5,5,4,trial_100,subject_13,NA,0
1,1,5,trial_101,subject_13,NA,1
2,1,5,trial_102,subject_13,NA,1
3,1,5,trial_103,subject_13,NA,1
4,1,5,trial_104,subject_13,NA,1
5,1,5,trial_105,subject_13,NA,0
1,2,5,trial_106,subject_13,NA,1
2,2,5,trial_107,subject_13,NA,1
3,2,5,trial_108,subject_13,NA,1
4,2,5,trial_109,subject_13,NA,1
5,2,5,trial_110,subject_13,NA,0
1,3,5,trial_111,subject_13,NA,1
2,3,5,trial_112,subject_13,NA,1
3,3,5,trial_113,subject_13,NA,0
4,3,5,trial_114,subject_13,NA,0
5,3,5,trial_115,subject_13,NA,0
1,4,5,trial_116,subject_13,NA,1
2,4,5,trial_117,subject_13,NA,1
3,4,5,trial_118,subject_13,NA,1
4,4,5,trial_119,subject_13,NA,0
5,4,5,trial_120,subject_13,NA,0
1,5,5,trial_121,subject_13,NA,0
2,5,5,trial_122,subject_13,NA,1
3,5,5,trial_123,subject_13,NA,0
4,5,5,trial_124,subject_13,NA,0
5,5,5,trial_125,subject_13,NA,0
1,1,1,trial_1,subject_14,NA,1
2,1,1,trial_2,subject_14,NA,0
3,1,1,trial_3,subject_14,NA,0
4,1,1,trial_4,subject_14,NA,1
5,1,1,trial_5,subject_14,NA,0
1,2,1,trial_6,subject_14,NA,1
2,2,1,trial_7,subject_14,NA,1
3,2,1,trial_8,subject_14,NA,0
4,2,1,trial_9,subject_14,NA,1
5,2,1,trial_10,subject_14,NA,0
1,3,1,trial_11,subject_14,NA,1
2,3,1,trial_12,subject_14,NA,0
3,3,1,trial_13,subject_14,NA,0
4,3,1,trial_14,subject_14,NA,0
5,3,1,trial_15,subject_14,NA,0
1,4,1,trial_16,subject_14,NA,0
2,4,1,trial_17,subject_14,NA,0
3,4,1,trial_18,subject_14,NA,0
4,4,1,trial_19,subject_14,NA,0
5,4,1,trial_20,subject_14,NA,0
1,5,1,trial_21,subject_14,NA,0
2,5,1,trial_22,subject_14,NA,0
3,5,1,trial_23,subject_14,NA,0
4,5,1,trial_24,subject_14,NA,0
5,5,1,trial_25,subject_14,NA,0
1,1,2,trial_26,subject_14,NA,0
2,1,2,trial_27,subject_14,NA,0
3,1,2,trial_28,subject_14,NA,0
4,1,2,trial_29,subject_14,NA,0
5,1,2,trial_30,subject_14,NA,0
1,2,2,trial_31,subject_14,NA,1
2,2,2,trial_32,subject_14,NA,0
3,2,2,trial_33,subject_14,NA,0
4,2,2,trial_34,subject_14,NA,0
5,2,2,trial_35,subject_14,NA,0
1,3,2,trial_36,subject_14,NA,0
2,3,2,trial_37,subject_14,NA,1
3,3,2,trial_38,subject_14,NA,0
4,3,2,trial_39,subject_14,NA,0
5,3,2,trial_40,subject_14,NA,0
1,4,2,trial_41,subject_14,NA,0
2,4,2,trial_42,subject_14,NA,0
3,4,2,trial_43,subject_14,NA,0
4,4,2,trial_44,subject_14,NA,0
5,4,2,trial_45,subject_14,NA,0
1,5,2,trial_46,subject_14,NA,0
2,5,2,trial_47,subject_14,NA,0
3,5,2,trial_48,subject_14,NA,0
4,5,2,trial_49,subject_14,NA,0
5,5,2,trial_50,subject_14,NA,0
1,1,3,trial_51,subject_14,NA,0
2,1,3,trial_52,subject_14,NA,1
3,1,3,trial_53,subject_14,NA,0
4,1,3,trial_54,subject_14,NA,0
5,1,3,trial_55,subject_14,NA,0
1,2,3,trial_56,subject_14,NA,1
2,2,3,trial_57,subject_14,NA,1
3,2,3,trial_58,subject_14,NA,0
4,2,3,trial_59,subject_14,NA,0
5,2,3,trial_60,subject_14,NA,0
1,3,3,trial_61,subject_14,NA,0
2,3,3,trial_62,subject_14,NA,0
3,3,3,trial_63,subject_14,NA,1
4,3,3,trial_64,subject_14,NA,0
5,3,3,trial_65,subject_14,NA,0
1,4,3,trial_66,subject_14,NA,1
2,4,3,trial_67,subject_14,NA,0
3,4,3,trial_68,subject_14,NA,0
4,4,3,trial_69,subject_14,NA,0
5,4,3,trial_70,subject_14,NA,0
1,5,3,trial_71,subject_14,NA,0
2,5,3,trial_72,subject_14,NA,0
3,5,3,trial_73,subject_14,NA,0
4,5,3,trial_74,subject_14,NA,0
5,5,3,trial_75,subject_14,NA,0
1,1,4,trial_76,subject_14,NA,1
2,1,4,trial_77,subject_14,NA,1
3,1,4,trial_78,subject_14,NA,1
4,1,4,trial_79,subject_14,NA,1
5,1,4,trial_80,subject_14,NA,0
1,2,4,trial_81,subject_14,NA,1
2,2,4,trial_82,subject_14,NA,1
3,2,4,trial_83,subject_14,NA,0
4,2,4,trial_84,subject_14,NA,0
5,2,4,trial_85,subject_14,NA,0
1,3,4,trial_86,subject_14,NA,1
2,3,4,trial_87,subject_14,NA,0
3,3,4,trial_88,subject_14,NA,0
4,3,4,trial_89,subject_14,NA,1
5,3,4,trial_90,subject_14,NA,0
1,4,4,trial_91,subject_14,NA,1
2,4,4,trial_92,subject_14,NA,0
3,4,4,trial_93,subject_14,NA,0
4,4,4,trial_94,subject_14,NA,0
5,4,4,trial_95,subject_14,NA,0
1,5,4,trial_96,subject_14,NA,0
2,5,4,trial_97,subject_14,NA,0
3,5,4,trial_98,subject_14,NA,0
4,5,4,trial_99,subject_14,NA,0
5,5,4,trial_100,subject_14,NA,0
1,1,5,trial_101,subject_14,NA,1
2,1,5,trial_102,subject_14,NA,1
3,1,5,trial_103,subject_14,NA,1
4,1,5,trial_104,subject_14,NA,1
5,1,5,trial_105,subject_14,NA,0
1,2,5,trial_106,subject_14,NA,1
2,2,5,trial_107,subject_14,NA,1
3,2,5,trial_108,subject_14,NA,1
4,2,5,trial_109,subject_14,NA,1
5,2,5,trial_110,subject_14,NA,0
1,3,5,trial_111,subject_14,NA,1
2,3,5,trial_112,subject_14,NA,1
3,3,5,trial_113,subject_14,NA,0
4,3,5,trial_114,subject_14,NA,0
5,3,5,trial_115,subject_14,NA,0
1,4,5,trial_116,subject_14,NA,0
2,4,5,trial_117,subject_14,NA,1
3,4,5,trial_118,subject_14,NA,0
4,4,5,trial_119,subject_14,NA,0
5,4,5,trial_120,subject_14,NA,0
1,5,5,trial_121,subject_14,NA,1
2,5,5,trial_122,subject_14,NA,0
3,5,5,trial_123,subject_14,NA,0
4,5,5,trial_124,subject_14,NA,0
5,5,5,trial_125,subject_14,NA,0
1,1,1,trial_1,subject_15,NA,1
2,1,1,trial_2,subject_15,NA,0
3,1,1,trial_3,subject_15,NA,0
4,1,1,trial_4,subject_15,NA,0
5,1,1,trial_5,subject_15,NA,0
1,2,1,trial_6,subject_15,NA,0
2,2,1,trial_7,subject_15,NA,0
3,2,1,trial_8,subject_15,NA,0
4,2,1,trial_9,subject_15,NA,0
5,2,1,trial_10,subject_15,NA,0
1,3,1,trial_11,subject_15,NA,1
2,3,1,trial_12,subject_15,NA,0
3,3,1,trial_13,subject_15,NA,0
4,3,1,trial_14,subject_15,NA,0
5,3,1,trial_15,subject_15,NA,0
1,4,1,trial_16,subject_15,NA,0
2,4,1,trial_17,subject_15,NA,0
3,4,1,trial_18,subject_15,NA,0
4,4,1,trial_19,subject_15,NA,0
5,4,1,trial_20,subject_15,NA,0
1,5,1,trial_21,subject_15,NA,0
2,5,1,trial_22,subject_15,NA,0
3,5,1,trial_23,subject_15,NA,0
4,5,1,trial_24,subject_15,NA,0
5,5,1,trial_25,subject_15,NA,0
1,1,2,trial_26,subject_15,NA,1
2,1,2,trial_27,subject_15,NA,1
3,1,2,trial_28,subject_15,NA,1
4,1,2,trial_29,subject_15,NA,0
5,1,2,trial_30,subject_15,NA,0
1,2,2,trial_31,subject_15,NA,0
2,2,2,trial_32,subject_15,NA,1
3,2,2,trial_33,subject_15,NA,0
4,2,2,trial_34,subject_15,NA,0
5,2,2,trial_35,subject_15,NA,0
1,3,2,trial_36,subject_15,NA,0
2,3,2,trial_37,subject_15,NA,1
3,3,2,trial_38,subject_15,NA,0
4,3,2,trial_39,subject_15,NA,0
5,3,2,trial_40,subject_15,NA,0
1,4,2,trial_41,subject_15,NA,0
2,4,2,trial_42,subject_15,NA,0
3,4,2,trial_43,subject_15,NA,0
4,4,2,trial_44,subject_15,NA,0
5,4,2,trial_45,subject_15,NA,0
1,5,2,trial_46,subject_15,NA,0
2,5,2,trial_47,subject_15,NA,0
3,5,2,trial_48,subject_15,NA,0
4,5,2,trial_49,subject_15,NA,0
5,5,2,trial_50,subject_15,NA,0
1,1,3,trial_51,subject_15,NA,0
2,1,3,trial_52,subject_15,NA,1
3,1,3,trial_53,subject_15,NA,1
4,1,3,trial_54,subject_15,NA,1
5,1,3,trial_55,subject_15,NA,0
1,2,3,trial_56,subject_15,NA,1
2,2,3,trial_57,subject_15,NA,0
3,2,3,trial_58,subject_15,NA,0
4,2,3,trial_59,subject_15,NA,0
5,2,3,trial_60,subject_15,NA,0
1,3,3,trial_61,subject_15,NA,1
2,3,3,trial_62,subject_15,NA,0
3,3,3,trial_63,subject_15,NA,0
4,3,3,trial_64,subject_15,NA,0
5,3,3,trial_65,subject_15,NA,0
1,4,3,trial_66,subject_15,NA,0
2,4,3,trial_67,subject_15,NA,0
3,4,3,trial_68,subject_15,NA,0
4,4,3,trial_69,subject_15,NA,0
5,4,3,trial_70,subject_15,NA,0
1,5,3,trial_71,subject_15,NA,0
2,5,3,trial_72,subject_15,NA,0
3,5,3,trial_73,subject_15,NA,0
4,5,3,trial_74,subject_15,NA,0
5,5,3,trial_75,subject_15,NA,0
1,1,4,trial_76,subject_15,NA,1
2,1,4,trial_77,subject_15,NA,1
3,1,4,trial_78,subject_15,NA,1
4,1,4,trial_79,subject_15,NA,1
5,1,4,trial_80,subject_15,NA,0
1,2,4,trial_81,subject_15,NA,1
2,2,4,trial_82,subject_15,NA,1
3,2,4,trial_83,subject_15,NA,0
4,2,4,trial_84,subject_15,NA,1
5,2,4,trial_85,subject_15,NA,0
1,3,4,trial_86,subject_15,NA,1
2,3,4,trial_87,subject_15,NA,0
3,3,4,trial_88,subject_15,NA,0
4,3,4,trial_89,subject_15,NA,0
5,3,4,trial_90,subject_15,NA,0
1,4,4,trial_91,subject_15,NA,1
2,4,4,trial_92,subject_15,NA,0
3,4,4,trial_93,subject_15,NA,0
4,4,4,trial_94,subject_15,NA,0
5,4,4,trial_95,subject_15,NA,0
1,5,4,trial_96,subject_15,NA,1
2,5,4,trial_97,subject_15,NA,0
3,5,4,trial_98,subject_15,NA,1
4,5,4,trial_99,subject_15,NA,0
5,5,4,trial_100,subject_15,NA,0
1,1,5,trial_101,subject_15,NA,1
2,1,5,trial_102,subject_15,NA,1
3,1,5,trial_103,subject_15,NA,1
4,1,5,trial_104,subject_15,NA,1
5,1,5,trial_105,subject_15,NA,1
1,2,5,trial_106,subject_15,NA,1
2,2,5,trial_107,subject_15,NA,1
3,2,5,trial_108,subject_15,NA,1
4,2,5,trial_109,subject_15,NA,0
5,2,5,trial_110,subject_15,NA,0
1,3,5,trial_111,subject_15,NA,1
2,3,5,trial_112,subject_15,NA,1
3,3,5,trial_113,subject_15,NA,1
4,3,5,trial_114,subject_15,NA,0
5,3,5,trial_115,subject_15,NA,0
1,4,5,trial_116,subject_15,NA,1
2,4,5,trial_117,subject_15,NA,1
3,4,5,trial_118,subject_15,NA,0
4,4,5,trial_119,subject_15,NA,0
5,4,5,trial_120,subject_15,NA,0
1,5,5,trial_121,subject_15,NA,1
2,5,5,trial_122,subject_15,NA,1
3,5,5,trial_123,subject_15,NA,0
4,5,5,trial_124,subject_15,NA,0
5,5,5,trial_125,subject_15,NA,0
1,1,1,trial_1,subject_16,NA,0
2,1,1,trial_2,subject_16,NA,1
3,1,1,trial_3,subject_16,NA,0
4,1,1,trial_4,subject_16,NA,0
5,1,1,trial_5,subject_16,NA,0
1,2,1,trial_6,subject_16,NA,0
2,2,1,trial_7,subject_16,NA,0
3,2,1,trial_8,subject_16,NA,0
4,2,1,trial_9,subject_16,NA,0
5,2,1,trial_10,subject_16,NA,0
1,3,1,trial_11,subject_16,NA,0
2,3,1,trial_12,subject_16,NA,0
3,3,1,trial_13,subject_16,NA,0
4,3,1,trial_14,subject_16,NA,0
5,3,1,trial_15,subject_16,NA,0
1,4,1,trial_16,subject_16,NA,0
2,4,1,trial_17,subject_16,NA,0
3,4,1,trial_18,subject_16,NA,0
4,4,1,trial_19,subject_16,NA,0
5,4,1,trial_20,subject_16,NA,0
1,5,1,trial_21,subject_16,NA,0
2,5,1,trial_22,subject_16,NA,0
3,5,1,trial_23,subject_16,NA,0
4,5,1,trial_24,subject_16,NA,0
5,5,1,trial_25,subject_16,NA,0
1,1,2,trial_26,subject_16,NA,0
2,1,2,trial_27,subject_16,NA,0
3,1,2,trial_28,subject_16,NA,1
4,1,2,trial_29,subject_16,NA,0
5,1,2,trial_30,subject_16,NA,1
1,2,2,trial_31,subject_16,NA,1
2,2,2,trial_32,subject_16,NA,0
3,2,2,trial_33,subject_16,NA,1
4,2,2,trial_34,subject_16,NA,0
5,2,2,trial_35,subject_16,NA,0
1,3,2,trial_36,subject_16,NA,0
2,3,2,trial_37,subject_16,NA,0
3,3,2,trial_38,subject_16,NA,1
4,3,2,trial_39,subject_16,NA,0
5,3,2,trial_40,subject_16,NA,0
1,4,2,trial_41,subject_16,NA,0
2,4,2,trial_42,subject_16,NA,0
3,4,2,trial_43,subject_16,NA,0
4,4,2,trial_44,subject_16,NA,0
5,4,2,trial_45,subject_16,NA,0
1,5,2,trial_46,subject_16,NA,0
2,5,2,trial_47,subject_16,NA,0
3,5,2,trial_48,subject_16,NA,0
4,5,2,trial_49,subject_16,NA,0
5,5,2,trial_50,subject_16,NA,0
1,1,3,trial_51,subject_16,NA,1
2,1,3,trial_52,subject_16,NA,1
3,1,3,trial_53,subject_16,NA,1
4,1,3,trial_54,subject_16,NA,0
5,1,3,trial_55,subject_16,NA,1
1,2,3,trial_56,subject_16,NA,1
2,2,3,trial_57,subject_16,NA,1
3,2,3,trial_58,subject_16,NA,1
4,2,3,trial_59,subject_16,NA,0
5,2,3,trial_60,subject_16,NA,0
1,3,3,trial_61,subject_16,NA,0
2,3,3,trial_62,subject_16,NA,1
3,3,3,trial_63,subject_16,NA,0
4,3,3,trial_64,subject_16,NA,0
5,3,3,trial_65,subject_16,NA,0
1,4,3,trial_66,subject_16,NA,0
2,4,3,trial_67,subject_16,NA,0
3,4,3,trial_68,subject_16,NA,0
4,4,3,trial_69,subject_16,NA,0
5,4,3,trial_70,subject_16,NA,0
1,5,3,trial_71,subject_16,NA,0
2,5,3,trial_72,subject_16,NA,0
3,5,3,trial_73,subject_16,NA,0
4,5,3,trial_74,subject_16,NA,0
5,5,3,trial_75,subject_16,NA,0
1,1,4,trial_76,subject_16,NA,1
2,1,4,trial_77,subject_16,NA,1
3,1,4,trial_78,subject_16,NA,1
4,1,4,trial_79,subject_16,NA,1
5,1,4,trial_80,subject_16,NA,0
1,2,4,trial_81,subject_16,NA,1
2,2,4,trial_82,subject_16,NA,1
3,2,4,trial_83,subject_16,NA,0
4,2,4,trial_84,subject_16,NA,1
5,2,4,trial_85,subject_16,NA,0
1,3,4,trial_86,subject_16,NA,1
2,3,4,trial_87,subject_16,NA,0
3,3,4,trial_88,subject_16,NA,0
4,3,4,trial_89,subject_16,NA,0
5,3,4,trial_90,subject_16,NA,0
1,4,4,trial_91,subject_16,NA,1
2,4,4,trial_92,subject_16,NA,0
3,4,4,trial_93,subject_16,NA,0
4,4,4,trial_94,subject_16,NA,0
5,4,4,trial_95,subject_16,NA,0
1,5,4,trial_96,subject_16,NA,0
2,5,4,trial_97,subject_16,NA,0
3,5,4,trial_98,subject_16,NA,0
4,5,4,trial_99,subject_16,NA,0
5,5,4,trial_100,subject_16,NA,0
1,1,5,trial_101,subject_16,NA,1
2,1,5,trial_102,subject_16,NA,1
3,1,5,trial_103,subject_16,NA,0
4,1,5,trial_104,subject_16,NA,1
5,1,5,trial_105,subject_16,NA,1
1,2,5,trial_106,subject_16,NA,1
2,2,5,trial_107,subject_16,NA,1
3,2,5,trial_108,subject_16,NA,1
4,2,5,trial_109,subject_16,NA,0
5,2,5,trial_110,subject_16,NA,1
1,3,5,trial_111,subject_16,NA,1
2,3,5,trial_112,subject_16,NA,1
3,3,5,trial_113,subject_16,NA,1
4,3,5,trial_114,subject_16,NA,1
5,3,5,trial_115,subject_16,NA,0
1,4,5,trial_116,subject_16,NA,0
2,4,5,trial_117,subject_16,NA,0
3,4,5,trial_118,subject_16,NA,1
4,4,5,trial_119,subject_16,NA,1
5,4,5,trial_120,subject_16,NA,0
1,5,5,trial_121,subject_16,NA,0
2,5,5,trial_122,subject_16,NA,0
3,5,5,trial_123,subject_16,NA,1
4,5,5,trial_124,subject_16,NA,1
5,5,5,trial_125,subject_16,NA,0
1,1,1,trial_1,subject_17,NA,1
2,1,1,trial_2,subject_17,NA,1
3,1,1,trial_3,subject_17,NA,0
4,1,1,trial_4,subject_17,NA,0
5,1,1,trial_5,subject_17,NA,0
1,2,1,trial_6,subject_17,NA,1
2,2,1,trial_7,subject_17,NA,0
3,2,1,trial_8,subject_17,NA,0
4,2,1,trial_9,subject_17,NA,0
5,2,1,trial_10,subject_17,NA,0
1,3,1,trial_11,subject_17,NA,0
2,3,1,trial_12,subject_17,NA,0
3,3,1,trial_13,subject_17,NA,0
4,3,1,trial_14,subject_17,NA,0
5,3,1,trial_15,subject_17,NA,0
1,4,1,trial_16,subject_17,NA,0
2,4,1,trial_17,subject_17,NA,0
3,4,1,trial_18,subject_17,NA,0
4,4,1,trial_19,subject_17,NA,0
5,4,1,trial_20,subject_17,NA,0
1,5,1,trial_21,subject_17,NA,0
2,5,1,trial_22,subject_17,NA,0
3,5,1,trial_23,subject_17,NA,0
4,5,1,trial_24,subject_17,NA,0
5,5,1,trial_25,subject_17,NA,0
1,1,2,trial_26,subject_17,NA,1
2,1,2,trial_27,subject_17,NA,0
3,1,2,trial_28,subject_17,NA,0
4,1,2,trial_29,subject_17,NA,0
5,1,2,trial_30,subject_17,NA,0
1,2,2,trial_31,subject_17,NA,1
2,2,2,trial_32,subject_17,NA,0
3,2,2,trial_33,subject_17,NA,0
4,2,2,trial_34,subject_17,NA,0
5,2,2,trial_35,subject_17,NA,0
1,3,2,trial_36,subject_17,NA,0
2,3,2,trial_37,subject_17,NA,0
3,3,2,trial_38,subject_17,NA,0
4,3,2,trial_39,subject_17,NA,0
5,3,2,trial_40,subject_17,NA,0
1,4,2,trial_41,subject_17,NA,0
2,4,2,trial_42,subject_17,NA,0
3,4,2,trial_43,subject_17,NA,0
4,4,2,trial_44,subject_17,NA,0
5,4,2,trial_45,subject_17,NA,0
1,5,2,trial_46,subject_17,NA,0
2,5,2,trial_47,subject_17,NA,0
3,5,2,trial_48,subject_17,NA,0
4,5,2,trial_49,subject_17,NA,0
5,5,2,trial_50,subject_17,NA,0
1,1,3,trial_51,subject_17,NA,1
2,1,3,trial_52,subject_17,NA,0
3,1,3,trial_53,subject_17,NA,0
4,1,3,trial_54,subject_17,NA,0
5,1,3,trial_55,subject_17,NA,1
1,2,3,trial_56,subject_17,NA,1
2,2,3,trial_57,subject_17,NA,1
3,2,3,trial_58,subject_17,NA,0
4,2,3,trial_59,subject_17,NA,1
5,2,3,trial_60,subject_17,NA,0
1,3,3,trial_61,subject_17,NA,1
2,3,3,trial_62,subject_17,NA,1
3,3,3,trial_63,subject_17,NA,1
4,3,3,trial_64,subject_17,NA,0
5,3,3,trial_65,subject_17,NA,0
1,4,3,trial_66,subject_17,NA,1
2,4,3,trial_67,subject_17,NA,0
3,4,3,trial_68,subject_17,NA,0
4,4,3,trial_69,subject_17,NA,0
5,4,3,trial_70,subject_17,NA,0
1,5,3,trial_71,subject_17,NA,0
2,5,3,trial_72,subject_17,NA,0
3,5,3,trial_73,subject_17,NA,0
4,5,3,trial_74,subject_17,NA,0
5,5,3,trial_75,subject_17,NA,0
1,1,4,trial_76,subject_17,NA,1
2,1,4,trial_77,subject_17,NA,1
3,1,4,trial_78,subject_17,NA,1
4,1,4,trial_79,subject_17,NA,1
5,1,4,trial_80,subject_17,NA,1
1,2,4,trial_81,subject_17,NA,1
2,2,4,trial_82,subject_17,NA,1
3,2,4,trial_83,subject_17,NA,0
4,2,4,trial_84,subject_17,NA,0
5,2,4,trial_85,subject_17,NA,0
1,3,4,trial_86,subject_17,NA,1
2,3,4,trial_87,subject_17,NA,1
3,3,4,trial_88,subject_17,NA,0
4,3,4,trial_89,subject_17,NA,0
5,3,4,trial_90,subject_17,NA,1
1,4,4,trial_91,subject_17,NA,0
2,4,4,trial_92,subject_17,NA,0
3,4,4,trial_93,subject_17,NA,0
4,4,4,trial_94,subject_17,NA,0
5,4,4,trial_95,subject_17,NA,0
1,5,4,trial_96,subject_17,NA,1
2,5,4,trial_97,subject_17,NA,0
3,5,4,trial_98,subject_17,NA,0
4,5,4,trial_99,subject_17,NA,0
5,5,4,trial_100,subject_17,NA,0
1,1,5,trial_101,subject_17,NA,1
2,1,5,trial_102,subject_17,NA,1
3,1,5,trial_103,subject_17,NA,1
4,1,5,trial_104,subject_17,NA,1
5,1,5,trial_105,subject_17,NA,0
1,2,5,trial_106,subject_17,NA,1
2,2,5,trial_107,subject_17,NA,1
3,2,5,trial_108,subject_17,NA,1
4,2,5,trial_109,subject_17,NA,0
5,2,5,trial_110,subject_17,NA,0
1,3,5,trial_111,subject_17,NA,1
2,3,5,trial_112,subject_17,NA,1
3,3,5,trial_113,subject_17,NA,0
4,3,5,trial_114,subject_17,NA,0
5,3,5,trial_115,subject_17,NA,0
1,4,5,trial_116,subject_17,NA,1
2,4,5,trial_117,subject_17,NA,1
3,4,5,trial_118,subject_17,NA,0
4,4,5,trial_119,subject_17,NA,0
5,4,5,trial_120,subject_17,NA,0
1,5,5,trial_121,subject_17,NA,1
2,5,5,trial_122,subject_17,NA,0
3,5,5,trial_123,subject_17,NA,1
4,5,5,trial_124,subject_17,NA,0
5,5,5,trial_125,subject_17,NA,0
1,1,1,trial_1,subject_18,NA,0
2,1,1,trial_2,subject_18,NA,0
3,1,1,trial_3,subject_18,NA,0
4,1,1,trial_4,subject_18,NA,0
5,1,1,trial_5,subject_18,NA,0
1,2,1,trial_6,subject_18,NA,0
2,2,1,trial_7,subject_18,NA,0
3,2,1,trial_8,subject_18,NA,0
4,2,1,trial_9,subject_18,NA,0
5,2,1,trial_10,subject_18,NA,0
1,3,1,trial_11,subject_18,NA,0
2,3,1,trial_12,subject_18,NA,0
3,3,1,trial_13,subject_18,NA,0
4,3,1,trial_14,subject_18,NA,0
5,3,1,trial_15,subject_18,NA,0
1,4,1,trial_16,subject_18,NA,0
2,4,1,trial_17,subject_18,NA,0
3,4,1,trial_18,subject_18,NA,0
4,4,1,trial_19,subject_18,NA,0
5,4,1,trial_20,subject_18,NA,0
1,5,1,trial_21,subject_18,NA,0
2,5,1,trial_22,subject_18,NA,0
3,5,1,trial_23,subject_18,NA,0
4,5,1,trial_24,subject_18,NA,0
5,5,1,trial_25,subject_18,NA,0
1,1,2,trial_26,subject_18,NA,1
2,1,2,trial_27,subject_18,NA,1
3,1,2,trial_28,subject_18,NA,0
4,1,2,trial_29,subject_18,NA,0
5,1,2,trial_30,subject_18,NA,0
1,2,2,trial_31,subject_18,NA,1
2,2,2,trial_32,subject_18,NA,1
3,2,2,trial_33,subject_18,NA,0
4,2,2,trial_34,subject_18,NA,0
5,2,2,trial_35,subject_18,NA,0
1,3,2,trial_36,subject_18,NA,1
2,3,2,trial_37,subject_18,NA,0
3,3,2,trial_38,subject_18,NA,0
4,3,2,trial_39,subject_18,NA,0
5,3,2,trial_40,subject_18,NA,0
1,4,2,trial_41,subject_18,NA,0
2,4,2,trial_42,subject_18,NA,0
3,4,2,trial_43,subject_18,NA,0
4,4,2,trial_44,subject_18,NA,0
5,4,2,trial_45,subject_18,NA,0
1,5,2,trial_46,subject_18,NA,0
2,5,2,trial_47,subject_18,NA,0
3,5,2,trial_48,subject_18,NA,0
4,5,2,trial_49,subject_18,NA,0
5,5,2,trial_50,subject_18,NA,0
1,1,3,trial_51,subject_18,NA,0
2,1,3,trial_52,subject_18,NA,0
3,1,3,trial_53,subject_18,NA,0
4,1,3,trial_54,subject_18,NA,0
5,1,3,trial_55,subject_18,NA,1
1,2,3,trial_56,subject_18,NA,1
2,2,3,trial_57,subject_18,NA,0
3,2,3,trial_58,subject_18,NA,1
4,2,3,trial_59,subject_18,NA,0
5,2,3,trial_60,subject_18,NA,0
1,3,3,trial_61,subject_18,NA,1
2,3,3,trial_62,subject_18,NA,0
3,3,3,trial_63,subject_18,NA,0
4,3,3,trial_64,subject_18,NA,0
5,3,3,trial_65,subject_18,NA,0
1,4,3,trial_66,subject_18,NA,0
2,4,3,trial_67,subject_18,NA,0
3,4,3,trial_68,subject_18,NA,0
4,4,3,trial_69,subject_18,NA,0
5,4,3,trial_70,subject_18,NA,0
1,5,3,trial_71,subject_18,NA,0
2,5,3,trial_72,subject_18,NA,0
3,5,3,trial_73,subject_18,NA,0
4,5,3,trial_74,subject_18,NA,0
5,5,3,trial_75,subject_18,NA,0
1,1,4,trial_76,subject_18,NA,1
2,1,4,trial_77,subject_18,NA,1
3,1,4,trial_78,subject_18,NA,0
4,1,4,trial_79,subject_18,NA,1
5,1,4,trial_80,subject_18,NA,0
1,2,4,trial_81,subject_18,NA,1
2,2,4,trial_82,subject_18,NA,1
3,2,4,trial_83,subject_18,NA,0
4,2,4,trial_84,subject_18,NA,0
5,2,4,trial_85,subject_18,NA,0
1,3,4,trial_86,subject_18,NA,0
2,3,4,trial_87,subject_18,NA,1
3,3,4,trial_88,subject_18,NA,0
4,3,4,trial_89,subject_18,NA,1
5,3,4,trial_90,subject_18,NA,0
1,4,4,trial_91,subject_18,NA,0
2,4,4,trial_92,subject_18,NA,1
3,4,4,trial_93,subject_18,NA,1
4,4,4,trial_94,subject_18,NA,0
5,4,4,trial_95,subject_18,NA,0
1,5,4,trial_96,subject_18,NA,1
2,5,4,trial_97,subject_18,NA,0
3,5,4,trial_98,subject_18,NA,0
4,5,4,trial_99,subject_18,NA,0
5,5,4,trial_100,subject_18,NA,0
1,1,5,trial_101,subject_18,NA,1
2,1,5,trial_102,subject_18,NA,0
3,1,5,trial_103,subject_18,NA,1
4,1,5,trial_104,subject_18,NA,1
5,1,5,trial_105,subject_18,NA,0
1,2,5,trial_106,subject_18,NA,1
2,2,5,trial_107,subject_18,NA,1
3,2,5,trial_108,subject_18,NA,1
4,2,5,trial_109,subject_18,NA,1
5,2,5,trial_110,subject_18,NA,0
1,3,5,trial_111,subject_18,NA,1
2,3,5,trial_112,subject_18,NA,0
3,3,5,trial_113,subject_18,NA,1
4,3,5,trial_114,subject_18,NA,1
5,3,5,trial_115,subject_18,NA,0
1,4,5,trial_116,subject_18,NA,1
2,4,5,trial_117,subject_18,NA,0
3,4,5,trial_118,subject_18,NA,0
4,4,5,trial_119,subject_18,NA,0
5,4,5,trial_120,subject_18,NA,0
1,5,5,trial_121,subject_18,NA,0
2,5,5,trial_122,subject_18,NA,1
3,5,5,trial_123,subject_18,NA,0
4,5,5,trial_124,subject_18,NA,1
5,5,5,trial_125,subject_18,NA,0
1,1,1,trial_1,subject_19,NA,1
2,1,1,trial_2,subject_19,NA,1
3,1,1,trial_3,subject_19,NA,0
4,1,1,trial_4,subject_19,NA,0
5,1,1,trial_5,subject_19,NA,0
1,2,1,trial_6,subject_19,NA,0
2,2,1,trial_7,subject_19,NA,0
3,2,1,trial_8,subject_19,NA,1
4,2,1,trial_9,subject_19,NA,0
5,2,1,trial_10,subject_19,NA,0
1,3,1,trial_11,subject_19,NA,0
2,3,1,trial_12,subject_19,NA,0
3,3,1,trial_13,subject_19,NA,0
4,3,1,trial_14,subject_19,NA,0
5,3,1,trial_15,subject_19,NA,0
1,4,1,trial_16,subject_19,NA,0
2,4,1,trial_17,subject_19,NA,0
3,4,1,trial_18,subject_19,NA,0
4,4,1,trial_19,subject_19,NA,0
5,4,1,trial_20,subject_19,NA,0
1,5,1,trial_21,subject_19,NA,0
2,5,1,trial_22,subject_19,NA,0
3,5,1,trial_23,subject_19,NA,0
4,5,1,trial_24,subject_19,NA,0
5,5,1,trial_25,subject_19,NA,0
1,1,2,trial_26,subject_19,NA,0
2,1,2,trial_27,subject_19,NA,1
3,1,2,trial_28,subject_19,NA,0
4,1,2,trial_29,subject_19,NA,0
5,1,2,trial_30,subject_19,NA,1
1,2,2,trial_31,subject_19,NA,0
2,2,2,trial_32,subject_19,NA,0
3,2,2,trial_33,subject_19,NA,0
4,2,2,trial_34,subject_19,NA,0
5,2,2,trial_35,subject_19,NA,0
1,3,2,trial_36,subject_19,NA,1
2,3,2,trial_37,subject_19,NA,0
3,3,2,trial_38,subject_19,NA,0
4,3,2,trial_39,subject_19,NA,0
5,3,2,trial_40,subject_19,NA,0
1,4,2,trial_41,subject_19,NA,0
2,4,2,trial_42,subject_19,NA,0
3,4,2,trial_43,subject_19,NA,0
4,4,2,trial_44,subject_19,NA,0
5,4,2,trial_45,subject_19,NA,0
1,5,2,trial_46,subject_19,NA,0
2,5,2,trial_47,subject_19,NA,0
3,5,2,trial_48,subject_19,NA,0
4,5,2,trial_49,subject_19,NA,0
5,5,2,trial_50,subject_19,NA,0
1,1,3,trial_51,subject_19,NA,1
2,1,3,trial_52,subject_19,NA,1
3,1,3,trial_53,subject_19,NA,1
4,1,3,trial_54,subject_19,NA,0
5,1,3,trial_55,subject_19,NA,0
1,2,3,trial_56,subject_19,NA,1
2,2,3,trial_57,subject_19,NA,1
3,2,3,trial_58,subject_19,NA,0
4,2,3,trial_59,subject_19,NA,0
5,2,3,trial_60,subject_19,NA,0
1,3,3,trial_61,subject_19,NA,1
2,3,3,trial_62,subject_19,NA,0
3,3,3,trial_63,subject_19,NA,0
4,3,3,trial_64,subject_19,NA,0
5,3,3,trial_65,subject_19,NA,0
1,4,3,trial_66,subject_19,NA,1
2,4,3,trial_67,subject_19,NA,0
3,4,3,trial_68,subject_19,NA,0
4,4,3,trial_69,subject_19,NA,0
5,4,3,trial_70,subject_19,NA,0
1,5,3,trial_71,subject_19,NA,0
2,5,3,trial_72,subject_19,NA,0
3,5,3,trial_73,subject_19,NA,0
4,5,3,trial_74,subject_19,NA,0
5,5,3,trial_75,subject_19,NA,0
1,1,4,trial_76,subject_19,NA,1
2,1,4,trial_77,subject_19,NA,1
3,1,4,trial_78,subject_19,NA,0
4,1,4,trial_79,subject_19,NA,1
5,1,4,trial_80,subject_19,NA,0
1,2,4,trial_81,subject_19,NA,0
2,2,4,trial_82,subject_19,NA,1
3,2,4,trial_83,subject_19,NA,1
4,2,4,trial_84,subject_19,NA,0
5,2,4,trial_85,subject_19,NA,0
1,3,4,trial_86,subject_19,NA,0
2,3,4,trial_87,subject_19,NA,1
3,3,4,trial_88,subject_19,NA,0
4,3,4,trial_89,subject_19,NA,0
5,3,4,trial_90,subject_19,NA,0
1,4,4,trial_91,subject_19,NA,1
2,4,4,trial_92,subject_19,NA,0
3,4,4,trial_93,subject_19,NA,0
4,4,4,trial_94,subject_19,NA,0
5,4,4,trial_95,subject_19,NA,1
1,5,4,trial_96,subject_19,NA,0
2,5,4,trial_97,subject_19,NA,0
3,5,4,trial_98,subject_19,NA,0
4,5,4,trial_99,subject_19,NA,0
5,5,4,trial_100,subject_19,NA,0
1,1,5,trial_101,subject_19,NA,1
2,1,5,trial_102,subject_19,NA,1
3,1,5,trial_103,subject_19,NA,1
4,1,5,trial_104,subject_19,NA,1
5,1,5,trial_105,subject_19,NA,1
1,2,5,trial_106,subject_19,NA,1
2,2,5,trial_107,subject_19,NA,1
3,2,5,trial_108,subject_19,NA,1
4,2,5,trial_109,subject_19,NA,1
5,2,5,trial_110,subject_19,NA,0
1,3,5,trial_111,subject_19,NA,1
2,3,5,trial_112,subject_19,NA,1
3,3,5,trial_113,subject_19,NA,1
4,3,5,trial_114,subject_19,NA,0
5,3,5,trial_115,subject_19,NA,0
1,4,5,trial_116,subject_19,NA,1
2,4,5,trial_117,subject_19,NA,1
3,4,5,trial_118,subject_19,NA,1
4,4,5,trial_119,subject_19,NA,1
5,4,5,trial_120,subject_19,NA,0
1,5,5,trial_121,subject_19,NA,1
2,5,5,trial_122,subject_19,NA,0
3,5,5,trial_123,subject_19,NA,1
4,5,5,trial_124,subject_19,NA,1
5,5,5,trial_125,subject_19,NA,0
1,1,1,trial_1,subject_20,NA,1
2,1,1,trial_2,subject_20,NA,1
3,1,1,trial_3,subject_20,NA,0
4,1,1,trial_4,subject_20,NA,0
5,1,1,trial_5,subject_20,NA,0
1,2,1,trial_6,subject_20,NA,1
2,2,1,trial_7,subject_20,NA,0
3,2,1,trial_8,subject_20,NA,1
4,2,1,trial_9,subject_20,NA,0
5,2,1,trial_10,subject_20,NA,0
1,3,1,trial_11,subject_20,NA,0
2,3,1,trial_12,subject_20,NA,0
3,3,1,trial_13,subject_20,NA,0
4,3,1,trial_14,subject_20,NA,0
5,3,1,trial_15,subject_20,NA,0
1,4,1,trial_16,subject_20,NA,0
2,4,1,trial_17,subject_20,NA,0
3,4,1,trial_18,subject_20,NA,0
4,4,1,trial_19,subject_20,NA,0
5,4,1,trial_20,subject_20,NA,0
1,5,1,trial_21,subject_20,NA,0
2,5,1,trial_22,subject_20,NA,0
3,5,1,trial_23,subject_20,NA,0
4,5,1,trial_24,subject_20,NA,0
5,5,1,trial_25,subject_20,NA,0
1,1,2,trial_26,subject_20,NA,1
2,1,2,trial_27,subject_20,NA,1
3,1,2,trial_28,subject_20,NA,0
4,1,2,trial_29,subject_20,NA,0
5,1,2,trial_30,subject_20,NA,0
1,2,2,trial_31,subject_20,NA,1
2,2,2,trial_32,subject_20,NA,0
3,2,2,trial_33,subject_20,NA,0
4,2,2,trial_34,subject_20,NA,0
5,2,2,trial_35,subject_20,NA,0
1,3,2,trial_36,subject_20,NA,0
2,3,2,trial_37,subject_20,NA,0
3,3,2,trial_38,subject_20,NA,0
4,3,2,trial_39,subject_20,NA,0
5,3,2,trial_40,subject_20,NA,0
1,4,2,trial_41,subject_20,NA,0
2,4,2,trial_42,subject_20,NA,0
3,4,2,trial_43,subject_20,NA,0
4,4,2,trial_44,subject_20,NA,0
5,4,2,trial_45,subject_20,NA,0
1,5,2,trial_46,subject_20,NA,0
2,5,2,trial_47,subject_20,NA,0
3,5,2,trial_48,subject_20,NA,0
4,5,2,trial_49,subject_20,NA,0
5,5,2,trial_50,subject_20,NA,0
1,1,3,trial_51,subject_20,NA,1
2,1,3,trial_52,subject_20,NA,1
3,1,3,trial_53,subject_20,NA,0
4,1,3,trial_54,subject_20,NA,1
5,1,3,trial_55,subject_20,NA,0
1,2,3,trial_56,subject_20,NA,1
2,2,3,trial_57,subject_20,NA,0
3,2,3,trial_58,subject_20,NA,0
4,2,3,trial_59,subject_20,NA,0
5,2,3,trial_60,subject_20,NA,0
1,3,3,trial_61,subject_20,NA,0
2,3,3,trial_62,subject_20,NA,0
3,3,3,trial_63,subject_20,NA,0
4,3,3,trial_64,subject_20,NA,0
5,3,3,trial_65,subject_20,NA,1
1,4,3,trial_66,subject_20,NA,0
2,4,3,trial_67,subject_20,NA,0
3,4,3,trial_68,subject_20,NA,0
4,4,3,trial_69,subject_20,NA,0
5,4,3,trial_70,subject_20,NA,0
1,5,3,trial_71,subject_20,NA,1
2,5,3,trial_72,subject_20,NA,0
3,5,3,trial_73,subject_20,NA,0
4,5,3,trial_74,subject_20,NA,0
5,5,3,trial_75,subject_20,NA,0
1,1,4,trial_76,subject_20,NA,1
2,1,4,trial_77,subject_20,NA,1
3,1,4,trial_78,subject_20,NA,0
4,1,4,trial_79,subject_20,NA,0
5,1,4,trial_80,subject_20,NA,1
1,2,4,trial_81,subject_20,NA,1
2,2,4,trial_82,subject_20,NA,0
3,2,4,trial_83,subject_20,NA,1
4,2,4,trial_84,subject_20,NA,0
5,2,4,trial_85,subject_20,NA,0
1,3,4,trial_86,subject_20,NA,1
2,3,4,trial_87,subject_20,NA,0
3,3,4,trial_88,subject_20,NA,1
4,3,4,trial_89,subject_20,NA,0
5,3,4,trial_90,subject_20,NA,0
1,4,4,trial_91,subject_20,NA,1
2,4,4,trial_92,subject_20,NA,1
3,4,4,trial_93,subject_20,NA,0
4,4,4,trial_94,subject_20,NA,0
5,4,4,trial_95,subject_20,NA,0
1,5,4,trial_96,subject_20,NA,1
2,5,4,trial_97,subject_20,NA,0
3,5,4,trial_98,subject_20,NA,0
4,5,4,trial_99,subject_20,NA,0
5,5,4,trial_100,subject_20,NA,0
1,1,5,trial_101,subject_20,NA,1
2,1,5,trial_102,subject_20,NA,1
3,1,5,trial_103,subject_20,NA,1
4,1,5,trial_104,subject_20,NA,1
5,1,5,trial_105,subject_20,NA,1
1,2,5,trial_106,subject_20,NA,1
2,2,5,trial_107,subject_20,NA,1
3,2,5,trial_108,subject_20,NA,1
4,2,5,trial_109,subject_20,NA,0
5,2,5,trial_110,subject_20,NA,1
1,3,5,trial_111,subject_20,NA,1
2,3,5,trial_112,subject_20,NA,1
3,3,5,trial_113,subject_20,NA,1
4,3,5,trial_114,subject_20,NA,1
5,3,5,trial_115,subject_20,NA,0
1,4,5,trial_116,subject_20,NA,0
2,4,5,trial_117,subject_20,NA,1
3,4,5,trial_118,subject_20,NA,1
4,4,5,trial_119,subject_20,NA,0
5,4,5,trial_120,subject_20,NA,0
1,5,5,trial_121,subject_20,NA,1
2,5,5,trial_122,subject_20,NA,1
3,5,5,trial_123,subject_20,NA,0
4,5,5,trial_124,subject_20,NA,0
5,5,5,trial_125,subject_20,NA,0
1,1,1,trial_1,subject_21,NA,0
2,1,1,trial_2,subject_21,NA,0
3,1,1,trial_3,subject_21,NA,0
4,1,1,trial_4,subject_21,NA,0
5,1,1,trial_5,subject_21,NA,0
1,2,1,trial_6,subject_21,NA,0
2,2,1,trial_7,subject_21,NA,0
3,2,1,trial_8,subject_21,NA,0
4,2,1,trial_9,subject_21,NA,0
5,2,1,trial_10,subject_21,NA,0
1,3,1,trial_11,subject_21,NA,1
2,3,1,trial_12,subject_21,NA,0
3,3,1,trial_13,subject_21,NA,0
4,3,1,trial_14,subject_21,NA,0
5,3,1,trial_15,subject_21,NA,0
1,4,1,trial_16,subject_21,NA,0
2,4,1,trial_17,subject_21,NA,0
3,4,1,trial_18,subject_21,NA,0
4,4,1,trial_19,subject_21,NA,0
5,4,1,trial_20,subject_21,NA,0
1,5,1,trial_21,subject_21,NA,0
2,5,1,trial_22,subject_21,NA,0
3,5,1,trial_23,subject_21,NA,0
4,5,1,trial_24,subject_21,NA,0
5,5,1,trial_25,subject_21,NA,0
1,1,2,trial_26,subject_21,NA,1
2,1,2,trial_27,subject_21,NA,1
3,1,2,trial_28,subject_21,NA,1
4,1,2,trial_29,subject_21,NA,0
5,1,2,trial_30,subject_21,NA,0
1,2,2,trial_31,subject_21,NA,0
2,2,2,trial_32,subject_21,NA,0
3,2,2,trial_33,subject_21,NA,1
4,2,2,trial_34,subject_21,NA,0
5,2,2,trial_35,subject_21,NA,0
1,3,2,trial_36,subject_21,NA,0
2,3,2,trial_37,subject_21,NA,0
3,3,2,trial_38,subject_21,NA,0
4,3,2,trial_39,subject_21,NA,0
5,3,2,trial_40,subject_21,NA,0
1,4,2,trial_41,subject_21,NA,0
2,4,2,trial_42,subject_21,NA,0
3,4,2,trial_43,subject_21,NA,0
4,4,2,trial_44,subject_21,NA,0
5,4,2,trial_45,subject_21,NA,0
1,5,2,trial_46,subject_21,NA,0
2,5,2,trial_47,subject_21,NA,0
3,5,2,trial_48,subject_21,NA,0
4,5,2,trial_49,subject_21,NA,0
5,5,2,trial_50,subject_21,NA,0
1,1,3,trial_51,subject_21,NA,1
2,1,3,trial_52,subject_21,NA,1
3,1,3,trial_53,subject_21,NA,1
4,1,3,trial_54,subject_21,NA,0
5,1,3,trial_55,subject_21,NA,1
1,2,3,trial_56,subject_21,NA,1
2,2,3,trial_57,subject_21,NA,0
3,2,3,trial_58,subject_21,NA,0
4,2,3,trial_59,subject_21,NA,0
5,2,3,trial_60,subject_21,NA,0
1,3,3,trial_61,subject_21,NA,1
2,3,3,trial_62,subject_21,NA,0
3,3,3,trial_63,subject_21,NA,1
4,3,3,trial_64,subject_21,NA,0
5,3,3,trial_65,subject_21,NA,0
1,4,3,trial_66,subject_21,NA,0
2,4,3,trial_67,subject_21,NA,0
3,4,3,trial_68,subject_21,NA,0
4,4,3,trial_69,subject_21,NA,0
5,4,3,trial_70,subject_21,NA,0
1,5,3,trial_71,subject_21,NA,0
2,5,3,trial_72,subject_21,NA,1
3,5,3,trial_73,subject_21,NA,0
4,5,3,trial_74,subject_21,NA,0
5,5,3,trial_75,subject_21,NA,0
1,1,4,trial_76,subject_21,NA,1
2,1,4,trial_77,subject_21,NA,1
3,1,4,trial_78,subject_21,NA,1
4,1,4,trial_79,subject_21,NA,0
5,1,4,trial_80,subject_21,NA,0
1,2,4,trial_81,subject_21,NA,1
2,2,4,trial_82,subject_21,NA,1
3,2,4,trial_83,subject_21,NA,0
4,2,4,trial_84,subject_21,NA,0
5,2,4,trial_85,subject_21,NA,0
1,3,4,trial_86,subject_21,NA,1
2,3,4,trial_87,subject_21,NA,1
3,3,4,trial_88,subject_21,NA,1
4,3,4,trial_89,subject_21,NA,0
5,3,4,trial_90,subject_21,NA,0
1,4,4,trial_91,subject_21,NA,1
2,4,4,trial_92,subject_21,NA,0
3,4,4,trial_93,subject_21,NA,0
4,4,4,trial_94,subject_21,NA,0
5,4,4,trial_95,subject_21,NA,0
1,5,4,trial_96,subject_21,NA,0
2,5,4,trial_97,subject_21,NA,0
3,5,4,trial_98,subject_21,NA,0
4,5,4,trial_99,subject_21,NA,0
5,5,4,trial_100,subject_21,NA,0
1,1,5,trial_101,subject_21,NA,1
2,1,5,trial_102,subject_21,NA,1
3,1,5,trial_103,subject_21,NA,0
4,1,5,trial_104,subject_21,NA,0
5,1,5,trial_105,subject_21,NA,1
1,2,5,trial_106,subject_21,NA,1
2,2,5,trial_107,subject_21,NA,1
3,2,5,trial_108,subject_21,NA,1
4,2,5,trial_109,subject_21,NA,0
5,2,5,trial_110,subject_21,NA,0
1,3,5,trial_111,subject_21,NA,1
2,3,5,trial_112,subject_21,NA,1
3,3,5,trial_113,subject_21,NA,0
4,3,5,trial_114,subject_21,NA,0
5,3,5,trial_115,subject_21,NA,0
1,4,5,trial_116,subject_21,NA,1
2,4,5,trial_117,subject_21,NA,0
3,4,5,trial_118,subject_21,NA,1
4,4,5,trial_119,subject_21,NA,0
5,4,5,trial_120,subject_21,NA,0
1,5,5,trial_121,subject_21,NA,0
2,5,5,trial_122,subject_21,NA,0
3,5,5,trial_123,subject_21,NA,0
4,5,5,trial_124,subject_21,NA,0
5,5,5,trial_125,subject_21,NA,0
1,1,1,trial_1,subject_22,NA,1
2,1,1,trial_2,subject_22,NA,1
3,1,1,trial_3,subject_22,NA,0
4,1,1,trial_4,subject_22,NA,0
5,1,1,trial_5,subject_22,NA,0
1,2,1,trial_6,subject_22,NA,0
2,2,1,trial_7,subject_22,NA,0
3,2,1,trial_8,subject_22,NA,0
4,2,1,trial_9,subject_22,NA,0
5,2,1,trial_10,subject_22,NA,0
1,3,1,trial_11,subject_22,NA,0
2,3,1,trial_12,subject_22,NA,0
3,3,1,trial_13,subject_22,NA,0
4,3,1,trial_14,subject_22,NA,0
5,3,1,trial_15,subject_22,NA,0
1,4,1,trial_16,subject_22,NA,1
2,4,1,trial_17,subject_22,NA,1
3,4,1,trial_18,subject_22,NA,0
4,4,1,trial_19,subject_22,NA,0
5,4,1,trial_20,subject_22,NA,0
1,5,1,trial_21,subject_22,NA,0
2,5,1,trial_22,subject_22,NA,0
3,5,1,trial_23,subject_22,NA,0
4,5,1,trial_24,subject_22,NA,0
5,5,1,trial_25,subject_22,NA,0
1,1,2,trial_26,subject_22,NA,1
2,1,2,trial_27,subject_22,NA,1
3,1,2,trial_28,subject_22,NA,0
4,1,2,trial_29,subject_22,NA,0
5,1,2,trial_30,subject_22,NA,0
1,2,2,trial_31,subject_22,NA,1
2,2,2,trial_32,subject_22,NA,0
3,2,2,trial_33,subject_22,NA,0
4,2,2,trial_34,subject_22,NA,0
5,2,2,trial_35,subject_22,NA,0
1,3,2,trial_36,subject_22,NA,1
2,3,2,trial_37,subject_22,NA,0
3,3,2,trial_38,subject_22,NA,0
4,3,2,trial_39,subject_22,NA,0
5,3,2,trial_40,subject_22,NA,0
1,4,2,trial_41,subject_22,NA,0
2,4,2,trial_42,subject_22,NA,0
3,4,2,trial_43,subject_22,NA,0
4,4,2,trial_44,subject_22,NA,0
5,4,2,trial_45,subject_22,NA,0
1,5,2,trial_46,subject_22,NA,0
2,5,2,trial_47,subject_22,NA,0
3,5,2,trial_48,subject_22,NA,0
4,5,2,trial_49,subject_22,NA,0
5,5,2,trial_50,subject_22,NA,0
1,1,3,trial_51,subject_22,NA,1
2,1,3,trial_52,subject_22,NA,1
3,1,3,trial_53,subject_22,NA,0
4,1,3,trial_54,subject_22,NA,0
5,1,3,trial_55,subject_22,NA,0
1,2,3,trial_56,subject_22,NA,1
2,2,3,trial_57,subject_22,NA,0
3,2,3,trial_58,subject_22,NA,1
4,2,3,trial_59,subject_22,NA,1
5,2,3,trial_60,subject_22,NA,0
1,3,3,trial_61,subject_22,NA,0
2,3,3,trial_62,subject_22,NA,0
3,3,3,trial_63,subject_22,NA,0
4,3,3,trial_64,subject_22,NA,0
5,3,3,trial_65,subject_22,NA,0
1,4,3,trial_66,subject_22,NA,1
2,4,3,trial_67,subject_22,NA,0
3,4,3,trial_68,subject_22,NA,0
4,4,3,trial_69,subject_22,NA,0
5,4,3,trial_70,subject_22,NA,0
1,5,3,trial_71,subject_22,NA,0
2,5,3,trial_72,subject_22,NA,1
3,5,3,trial_73,subject_22,NA,0
4,5,3,trial_74,subject_22,NA,0
5,5,3,trial_75,subject_22,NA,0
1,1,4,trial_76,subject_22,NA,1
2,1,4,trial_77,subject_22,NA,1
3,1,4,trial_78,subject_22,NA,0
4,1,4,trial_79,subject_22,NA,1
5,1,4,trial_80,subject_22,NA,0
1,2,4,trial_81,subject_22,NA,1
2,2,4,trial_82,subject_22,NA,0
3,2,4,trial_83,subject_22,NA,1
4,2,4,trial_84,subject_22,NA,0
5,2,4,trial_85,subject_22,NA,0
1,3,4,trial_86,subject_22,NA,1
2,3,4,trial_87,subject_22,NA,1
3,3,4,trial_88,subject_22,NA,1
4,3,4,trial_89,subject_22,NA,0
5,3,4,trial_90,subject_22,NA,1
1,4,4,trial_91,subject_22,NA,1
2,4,4,trial_92,subject_22,NA,0
3,4,4,trial_93,subject_22,NA,0
4,4,4,trial_94,subject_22,NA,0
5,4,4,trial_95,subject_22,NA,0
1,5,4,trial_96,subject_22,NA,1
2,5,4,trial_97,subject_22,NA,0
3,5,4,trial_98,subject_22,NA,0
4,5,4,trial_99,subject_22,NA,0
5,5,4,trial_100,subject_22,NA,0
1,1,5,trial_101,subject_22,NA,1
2,1,5,trial_102,subject_22,NA,1
3,1,5,trial_103,subject_22,NA,1
4,1,5,trial_104,subject_22,NA,1
5,1,5,trial_105,subject_22,NA,1
1,2,5,trial_106,subject_22,NA,1
2,2,5,trial_107,subject_22,NA,0
3,2,5,trial_108,subject_22,NA,0
4,2,5,trial_109,subject_22,NA,0
5,2,5,trial_110,subject_22,NA,0
1,3,5,trial_111,subject_22,NA,1
2,3,5,trial_112,subject_22,NA,1
3,3,5,trial_113,subject_22,NA,0
4,3,5,trial_114,subject_22,NA,0
5,3,5,trial_115,subject_22,NA,0
1,4,5,trial_116,subject_22,NA,0
2,4,5,trial_117,subject_22,NA,0
3,4,5,trial_118,subject_22,NA,0
4,4,5,trial_119,subject_22,NA,0
5,4,5,trial_120,subject_22,NA,0
1,5,5,trial_121,subject_22,NA,1
2,5,5,trial_122,subject_22,NA,1
3,5,5,trial_123,subject_22,NA,0
4,5,5,trial_124,subject_22,NA,0
5,5,5,trial_125,subject_22,NA,0
1,1,1,trial_1,subject_23,NA,0
2,1,1,trial_2,subject_23,NA,0
3,1,1,trial_3,subject_23,NA,0
4,1,1,trial_4,subject_23,NA,0
5,1,1,trial_5,subject_23,NA,0
1,2,1,trial_6,subject_23,NA,0
2,2,1,trial_7,subject_23,NA,1
3,2,1,trial_8,subject_23,NA,0
4,2,1,trial_9,subject_23,NA,0
5,2,1,trial_10,subject_23,NA,0
1,3,1,trial_11,subject_23,NA,1
2,3,1,trial_12,subject_23,NA,0
3,3,1,trial_13,subject_23,NA,0
4,3,1,trial_14,subject_23,NA,0
5,3,1,trial_15,subject_23,NA,0
1,4,1,trial_16,subject_23,NA,1
2,4,1,trial_17,subject_23,NA,0
3,4,1,trial_18,subject_23,NA,0
4,4,1,trial_19,subject_23,NA,0
5,4,1,trial_20,subject_23,NA,0
1,5,1,trial_21,subject_23,NA,0
2,5,1,trial_22,subject_23,NA,0
3,5,1,trial_23,subject_23,NA,0
4,5,1,trial_24,subject_23,NA,0
5,5,1,trial_25,subject_23,NA,0
1,1,2,trial_26,subject_23,NA,1
2,1,2,trial_27,subject_23,NA,1
3,1,2,trial_28,subject_23,NA,0
4,1,2,trial_29,subject_23,NA,0
5,1,2,trial_30,subject_23,NA,0
1,2,2,trial_31,subject_23,NA,0
2,2,2,trial_32,subject_23,NA,0
3,2,2,trial_33,subject_23,NA,0
4,2,2,trial_34,subject_23,NA,0
5,2,2,trial_35,subject_23,NA,0
1,3,2,trial_36,subject_23,NA,1
2,3,2,trial_37,subject_23,NA,0
3,3,2,trial_38,subject_23,NA,0
4,3,2,trial_39,subject_23,NA,1
5,3,2,trial_40,subject_23,NA,0
1,4,2,trial_41,subject_23,NA,0
2,4,2,trial_42,subject_23,NA,0
3,4,2,trial_43,subject_23,NA,0
4,4,2,trial_44,subject_23,NA,0
5,4,2,trial_45,subject_23,NA,0
1,5,2,trial_46,subject_23,NA,0
2,5,2,trial_47,subject_23,NA,0
3,5,2,trial_48,subject_23,NA,0
4,5,2,trial_49,subject_23,NA,0
5,5,2,trial_50,subject_23,NA,0
1,1,3,trial_51,subject_23,NA,1
2,1,3,trial_52,subject_23,NA,0
3,1,3,trial_53,subject_23,NA,1
4,1,3,trial_54,subject_23,NA,0
5,1,3,trial_55,subject_23,NA,1
1,2,3,trial_56,subject_23,NA,1
2,2,3,trial_57,subject_23,NA,1
3,2,3,trial_58,subject_23,NA,0
4,2,3,trial_59,subject_23,NA,0
5,2,3,trial_60,subject_23,NA,0
1,3,3,trial_61,subject_23,NA,1
2,3,3,trial_62,subject_23,NA,1
3,3,3,trial_63,subject_23,NA,0
4,3,3,trial_64,subject_23,NA,0
5,3,3,trial_65,subject_23,NA,0
1,4,3,trial_66,subject_23,NA,1
2,4,3,trial_67,subject_23,NA,0
3,4,3,trial_68,subject_23,NA,0
4,4,3,trial_69,subject_23,NA,0
5,4,3,trial_70,subject_23,NA,0
1,5,3,trial_71,subject_23,NA,1
2,5,3,trial_72,subject_23,NA,0
3,5,3,trial_73,subject_23,NA,0
4,5,3,trial_74,subject_23,NA,0
5,5,3,trial_75,subject_23,NA,0
1,1,4,trial_76,subject_23,NA,1
2,1,4,trial_77,subject_23,NA,1
3,1,4,trial_78,subject_23,NA,0
4,1,4,trial_79,subject_23,NA,1
5,1,4,trial_80,subject_23,NA,0
1,2,4,trial_81,subject_23,NA,1
2,2,4,trial_82,subject_23,NA,1
3,2,4,trial_83,subject_23,NA,1
4,2,4,trial_84,subject_23,NA,1
5,2,4,trial_85,subject_23,NA,1
1,3,4,trial_86,subject_23,NA,1
2,3,4,trial_87,subject_23,NA,1
3,3,4,trial_88,subject_23,NA,1
4,3,4,trial_89,subject_23,NA,0
5,3,4,trial_90,subject_23,NA,1
1,4,4,trial_91,subject_23,NA,1
2,4,4,trial_92,subject_23,NA,0
3,4,4,trial_93,subject_23,NA,1
4,4,4,trial_94,subject_23,NA,0
5,4,4,trial_95,subject_23,NA,0
1,5,4,trial_96,subject_23,NA,0
2,5,4,trial_97,subject_23,NA,0
3,5,4,trial_98,subject_23,NA,0
4,5,4,trial_99,subject_23,NA,0
5,5,4,trial_100,subject_23,NA,0
1,1,5,trial_101,subject_23,NA,1
2,1,5,trial_102,subject_23,NA,1
3,1,5,trial_103,subject_23,NA,1
4,1,5,trial_104,subject_23,NA,0
5,1,5,trial_105,subject_23,NA,1
1,2,5,trial_106,subject_23,NA,1
2,2,5,trial_107,subject_23,NA,1
3,2,5,trial_108,subject_23,NA,0
4,2,5,trial_109,subject_23,NA,0
5,2,5,trial_110,subject_23,NA,0
1,3,5,trial_111,subject_23,NA,1
2,3,5,trial_112,subject_23,NA,1
3,3,5,trial_113,subject_23,NA,1
4,3,5,trial_114,subject_23,NA,0
5,3,5,trial_115,subject_23,NA,0
1,4,5,trial_116,subject_23,NA,1
2,4,5,trial_117,subject_23,NA,1
3,4,5,trial_118,subject_23,NA,1
4,4,5,trial_119,subject_23,NA,0
5,4,5,trial_120,subject_23,NA,0
1,5,5,trial_121,subject_23,NA,0
2,5,5,trial_122,subject_23,NA,1
3,5,5,trial_123,subject_23,NA,0
4,5,5,trial_124,subject_23,NA,0
5,5,5,trial_125,subject_23,NA,0
1,1,1,trial_1,subject_24,NA,1
2,1,1,trial_2,subject_24,NA,0
3,1,1,trial_3,subject_24,NA,0
4,1,1,trial_4,subject_24,NA,0
5,1,1,trial_5,subject_24,NA,0
1,2,1,trial_6,subject_24,NA,0
2,2,1,trial_7,subject_24,NA,0
3,2,1,trial_8,subject_24,NA,0
4,2,1,trial_9,subject_24,NA,0
5,2,1,trial_10,subject_24,NA,0
1,3,1,trial_11,subject_24,NA,0
2,3,1,trial_12,subject_24,NA,0
3,3,1,trial_13,subject_24,NA,0
4,3,1,trial_14,subject_24,NA,0
5,3,1,trial_15,subject_24,NA,0
1,4,1,trial_16,subject_24,NA,0
2,4,1,trial_17,subject_24,NA,0
3,4,1,trial_18,subject_24,NA,0
4,4,1,trial_19,subject_24,NA,0
5,4,1,trial_20,subject_24,NA,0
1,5,1,trial_21,subject_24,NA,0
2,5,1,trial_22,subject_24,NA,0
3,5,1,trial_23,subject_24,NA,0
4,5,1,trial_24,subject_24,NA,0
5,5,1,trial_25,subject_24,NA,0
1,1,2,trial_26,subject_24,NA,1
2,1,2,trial_27,subject_24,NA,0
3,1,2,trial_28,subject_24,NA,0
4,1,2,trial_29,subject_24,NA,0
5,1,2,trial_30,subject_24,NA,0
1,2,2,trial_31,subject_24,NA,0
2,2,2,trial_32,subject_24,NA,0
3,2,2,trial_33,subject_24,NA,1
4,2,2,trial_34,subject_24,NA,0
5,2,2,trial_35,subject_24,NA,0
1,3,2,trial_36,subject_24,NA,0
2,3,2,trial_37,subject_24,NA,0
3,3,2,trial_38,subject_24,NA,1
4,3,2,trial_39,subject_24,NA,0
5,3,2,trial_40,subject_24,NA,0
1,4,2,trial_41,subject_24,NA,0
2,4,2,trial_42,subject_24,NA,0
3,4,2,trial_43,subject_24,NA,0
4,4,2,trial_44,subject_24,NA,0
5,4,2,trial_45,subject_24,NA,0
1,5,2,trial_46,subject_24,NA,0
2,5,2,trial_47,subject_24,NA,0
3,5,2,trial_48,subject_24,NA,0
4,5,2,trial_49,subject_24,NA,0
5,5,2,trial_50,subject_24,NA,0
1,1,3,trial_51,subject_24,NA,1
2,1,3,trial_52,subject_24,NA,1
3,1,3,trial_53,subject_24,NA,1
4,1,3,trial_54,subject_24,NA,0
5,1,3,trial_55,subject_24,NA,0
1,2,3,trial_56,subject_24,NA,1
2,2,3,trial_57,subject_24,NA,0
3,2,3,trial_58,subject_24,NA,0
4,2,3,trial_59,subject_24,NA,1
5,2,3,trial_60,subject_24,NA,0
1,3,3,trial_61,subject_24,NA,1
2,3,3,trial_62,subject_24,NA,1
3,3,3,trial_63,subject_24,NA,0
4,3,3,trial_64,subject_24,NA,0
5,3,3,trial_65,subject_24,NA,0
1,4,3,trial_66,subject_24,NA,0
2,4,3,trial_67,subject_24,NA,0
3,4,3,trial_68,subject_24,NA,0
4,4,3,trial_69,subject_24,NA,0
5,4,3,trial_70,subject_24,NA,0
1,5,3,trial_71,subject_24,NA,0
2,5,3,trial_72,subject_24,NA,0
3,5,3,trial_73,subject_24,NA,0
4,5,3,trial_74,subject_24,NA,0
5,5,3,trial_75,subject_24,NA,0
1,1,4,trial_76,subject_24,NA,1
2,1,4,trial_77,subject_24,NA,1
3,1,4,trial_78,subject_24,NA,1
4,1,4,trial_79,subject_24,NA,0
5,1,4,trial_80,subject_24,NA,0
1,2,4,trial_81,subject_24,NA,1
2,2,4,trial_82,subject_24,NA,1
3,2,4,trial_83,subject_24,NA,0
4,2,4,trial_84,subject_24,NA,1
5,2,4,trial_85,subject_24,NA,0
1,3,4,trial_86,subject_24,NA,1
2,3,4,trial_87,subject_24,NA,1
3,3,4,trial_88,subject_24,NA,0
4,3,4,trial_89,subject_24,NA,0
5,3,4,trial_90,subject_24,NA,0
1,4,4,trial_91,subject_24,NA,0
2,4,4,trial_92,subject_24,NA,1
3,4,4,trial_93,subject_24,NA,0
4,4,4,trial_94,subject_24,NA,0
5,4,4,trial_95,subject_24,NA,0
1,5,4,trial_96,subject_24,NA,1
2,5,4,trial_97,subject_24,NA,1
3,5,4,trial_98,subject_24,NA,0
4,5,4,trial_99,subject_24,NA,0
5,5,4,trial_100,subject_24,NA,0
1,1,5,trial_101,subject_24,NA,1
2,1,5,trial_102,subject_24,NA,1
3,1,5,trial_103,subject_24,NA,1
4,1,5,trial_104,subject_24,NA,1
5,1,5,trial_105,subject_24,NA,0
1,2,5,trial_106,subject_24,NA,1
2,2,5,trial_107,subject_24,NA,1
3,2,5,trial_108,subject_24,NA,1
4,2,5,trial_109,subject_24,NA,0
5,2,5,trial_110,subject_24,NA,1
1,3,5,trial_111,subject_24,NA,1
2,3,5,trial_112,subject_24,NA,1
3,3,5,trial_113,subject_24,NA,0
4,3,5,trial_114,subject_24,NA,1
5,3,5,trial_115,subject_24,NA,0
1,4,5,trial_116,subject_24,NA,1
2,4,5,trial_117,subject_24,NA,0
3,4,5,trial_118,subject_24,NA,0
4,4,5,trial_119,subject_24,NA,0
5,4,5,trial_120,subject_24,NA,1
1,5,5,trial_121,subject_24,NA,0
2,5,5,trial_122,subject_24,NA,0
3,5,5,trial_123,subject_24,NA,1
4,5,5,trial_124,subject_24,NA,0
5,5,5,trial_125,subject_24,NA,0
1,1,1,trial_1,subject_25,NA,0
2,1,1,trial_2,subject_25,NA,0
3,1,1,trial_3,subject_25,NA,0
4,1,1,trial_4,subject_25,NA,0
5,1,1,trial_5,subject_25,NA,0
1,2,1,trial_6,subject_25,NA,0
2,2,1,trial_7,subject_25,NA,0
3,2,1,trial_8,subject_25,NA,0
4,2,1,trial_9,subject_25,NA,0
5,2,1,trial_10,subject_25,NA,0
1,3,1,trial_11,subject_25,NA,0
2,3,1,trial_12,subject_25,NA,1
3,3,1,trial_13,subject_25,NA,0
4,3,1,trial_14,subject_25,NA,0
5,3,1,trial_15,subject_25,NA,0
1,4,1,trial_16,subject_25,NA,0
2,4,1,trial_17,subject_25,NA,0
3,4,1,trial_18,subject_25,NA,0
4,4,1,trial_19,subject_25,NA,0
5,4,1,trial_20,subject_25,NA,0
1,5,1,trial_21,subject_25,NA,0
2,5,1,trial_22,subject_25,NA,0
3,5,1,trial_23,subject_25,NA,0
4,5,1,trial_24,subject_25,NA,0
5,5,1,trial_25,subject_25,NA,0
1,1,2,trial_26,subject_25,NA,0
2,1,2,trial_27,subject_25,NA,0
3,1,2,trial_28,subject_25,NA,1
4,1,2,trial_29,subject_25,NA,0
5,1,2,trial_30,subject_25,NA,0
1,2,2,trial_31,subject_25,NA,1
2,2,2,trial_32,subject_25,NA,0
3,2,2,trial_33,subject_25,NA,0
4,2,2,trial_34,subject_25,NA,0
5,2,2,trial_35,subject_25,NA,1
1,3,2,trial_36,subject_25,NA,0
2,3,2,trial_37,subject_25,NA,0
3,3,2,trial_38,subject_25,NA,0
4,3,2,trial_39,subject_25,NA,0
5,3,2,trial_40,subject_25,NA,0
1,4,2,trial_41,subject_25,NA,0
2,4,2,trial_42,subject_25,NA,0
3,4,2,trial_43,subject_25,NA,0
4,4,2,trial_44,subject_25,NA,0
5,4,2,trial_45,subject_25,NA,0
1,5,2,trial_46,subject_25,NA,0
2,5,2,trial_47,subject_25,NA,0
3,5,2,trial_48,subject_25,NA,0
4,5,2,trial_49,subject_25,NA,0
5,5,2,trial_50,subject_25,NA,0
1,1,3,trial_51,subject_25,NA,1
2,1,3,trial_52,subject_25,NA,1
3,1,3,trial_53,subject_25,NA,1
4,1,3,trial_54,subject_25,NA,0
5,1,3,trial_55,subject_25,NA,0
1,2,3,trial_56,subject_25,NA,1
2,2,3,trial_57,subject_25,NA,1
3,2,3,trial_58,subject_25,NA,0
4,2,3,trial_59,subject_25,NA,0
5,2,3,trial_60,subject_25,NA,0
1,3,3,trial_61,subject_25,NA,1
2,3,3,trial_62,subject_25,NA,0
3,3,3,trial_63,subject_25,NA,0
4,3,3,trial_64,subject_25,NA,0
5,3,3,trial_65,subject_25,NA,0
1,4,3,trial_66,subject_25,NA,1
2,4,3,trial_67,subject_25,NA,0
3,4,3,trial_68,subject_25,NA,0
4,4,3,trial_69,subject_25,NA,0
5,4,3,trial_70,subject_25,NA,0
1,5,3,trial_71,subject_25,NA,0
2,5,3,trial_72,subject_25,NA,0
3,5,3,trial_73,subject_25,NA,0
4,5,3,trial_74,subject_25,NA,0
5,5,3,trial_75,subject_25,NA,0
1,1,4,trial_76,subject_25,NA,1
2,1,4,trial_77,subject_25,NA,1
3,1,4,trial_78,subject_25,NA,0
4,1,4,trial_79,subject_25,NA,0
5,1,4,trial_80,subject_25,NA,1
1,2,4,trial_81,subject_25,NA,0
2,2,4,trial_82,subject_25,NA,1
3,2,4,trial_83,subject_25,NA,0
4,2,4,trial_84,subject_25,NA,0
5,2,4,trial_85,subject_25,NA,1
1,3,4,trial_86,subject_25,NA,1
2,3,4,trial_87,subject_25,NA,0
3,3,4,trial_88,subject_25,NA,0
4,3,4,trial_89,subject_25,NA,0
5,3,4,trial_90,subject_25,NA,0
1,4,4,trial_91,subject_25,NA,0
2,4,4,trial_92,subject_25,NA,0
3,4,4,trial_93,subject_25,NA,0
4,4,4,trial_94,subject_25,NA,0
5,4,4,trial_95,subject_25,NA,0
1,5,4,trial_96,subject_25,NA,0
2,5,4,trial_97,subject_25,NA,1
3,5,4,trial_98,subject_25,NA,0
4,5,4,trial_99,subject_25,NA,0
5,5,4,trial_100,subject_25,NA,0
1,1,5,trial_101,subject_25,NA,1
2,1,5,trial_102,subject_25,NA,1
3,1,5,trial_103,subject_25,NA,1
4,1,5,trial_104,subject_25,NA,1
5,1,5,trial_105,subject_25,NA,1
1,2,5,trial_106,subject_25,NA,1
2,2,5,trial_107,subject_25,NA,1
3,2,5,trial_108,subject_25,NA,1
4,2,5,trial_109,subject_25,NA,1
5,2,5,trial_110,subject_25,NA,0
1,3,5,trial_111,subject_25,NA,1
2,3,5,trial_112,subject_25,NA,1
3,3,5,trial_113,subject_25,NA,0
4,3,5,trial_114,subject_25,NA,0
5,3,5,trial_115,subject_25,NA,0
1,4,5,trial_116,subject_25,NA,1
2,4,5,trial_117,subject_25,NA,0
3,4,5,trial_118,subject_25,NA,0
4,4,5,trial_119,subject_25,NA,0
5,4,5,trial_120,subject_25,NA,0
1,5,5,trial_121,subject_25,NA,0
2,5,5,trial_122,subject_25,NA,0
3,5,5,trial_123,subject_25,NA,1
4,5,5,trial_124,subject_25,NA,0
5,5,5,trial_125,subject_25,NA,0
1,1,1,trial_1,subject_26,NA,0
2,1,1,trial_2,subject_26,NA,1
3,1,1,trial_3,subject_26,NA,0
4,1,1,trial_4,subject_26,NA,1
5,1,1,trial_5,subject_26,NA,0
1,2,1,trial_6,subject_26,NA,1
2,2,1,trial_7,subject_26,NA,0
3,2,1,trial_8,subject_26,NA,0
4,2,1,trial_9,subject_26,NA,0
5,2,1,trial_10,subject_26,NA,0
1,3,1,trial_11,subject_26,NA,0
2,3,1,trial_12,subject_26,NA,0
3,3,1,trial_13,subject_26,NA,0
4,3,1,trial_14,subject_26,NA,0
5,3,1,trial_15,subject_26,NA,0
1,4,1,trial_16,subject_26,NA,0
2,4,1,trial_17,subject_26,NA,0
3,4,1,trial_18,subject_26,NA,0
4,4,1,trial_19,subject_26,NA,0
5,4,1,trial_20,subject_26,NA,0
1,5,1,trial_21,subject_26,NA,0
2,5,1,trial_22,subject_26,NA,0
3,5,1,trial_23,subject_26,NA,0
4,5,1,trial_24,subject_26,NA,0
5,5,1,trial_25,subject_26,NA,0
1,1,2,trial_26,subject_26,NA,1
2,1,2,trial_27,subject_26,NA,1
3,1,2,trial_28,subject_26,NA,1
4,1,2,trial_29,subject_26,NA,0
5,1,2,trial_30,subject_26,NA,0
1,2,2,trial_31,subject_26,NA,0
2,2,2,trial_32,subject_26,NA,1
3,2,2,trial_33,subject_26,NA,0
4,2,2,trial_34,subject_26,NA,0
5,2,2,trial_35,subject_26,NA,0
1,3,2,trial_36,subject_26,NA,1
2,3,2,trial_37,subject_26,NA,0
3,3,2,trial_38,subject_26,NA,0
4,3,2,trial_39,subject_26,NA,0
5,3,2,trial_40,subject_26,NA,0
1,4,2,trial_41,subject_26,NA,0
2,4,2,trial_42,subject_26,NA,0
3,4,2,trial_43,subject_26,NA,0
4,4,2,trial_44,subject_26,NA,0
5,4,2,trial_45,subject_26,NA,0
1,5,2,trial_46,subject_26,NA,1
2,5,2,trial_47,subject_26,NA,0
3,5,2,trial_48,subject_26,NA,0
4,5,2,trial_49,subject_26,NA,0
5,5,2,trial_50,subject_26,NA,0
1,1,3,trial_51,subject_26,NA,1
2,1,3,trial_52,subject_26,NA,1
3,1,3,trial_53,subject_26,NA,1
4,1,3,trial_54,subject_26,NA,0
5,1,3,trial_55,subject_26,NA,1
1,2,3,trial_56,subject_26,NA,0
2,2,3,trial_57,subject_26,NA,0
3,2,3,trial_58,subject_26,NA,0
4,2,3,trial_59,subject_26,NA,0
5,2,3,trial_60,subject_26,NA,0
1,3,3,trial_61,subject_26,NA,1
2,3,3,trial_62,subject_26,NA,0
3,3,3,trial_63,subject_26,NA,0
4,3,3,trial_64,subject_26,NA,0
5,3,3,trial_65,subject_26,NA,0
1,4,3,trial_66,subject_26,NA,0
2,4,3,trial_67,subject_26,NA,0
3,4,3,trial_68,subject_26,NA,0
4,4,3,trial_69,subject_26,NA,0
5,4,3,trial_70,subject_26,NA,0
1,5,3,trial_71,subject_26,NA,0
2,5,3,trial_72,subject_26,NA,0
3,5,3,trial_73,subject_26,NA,0
4,5,3,trial_74,subject_26,NA,0
5,5,3,trial_75,subject_26,NA,0
1,1,4,trial_76,subject_26,NA,1
2,1,4,trial_77,subject_26,NA,1
3,1,4,trial_78,subject_26,NA,1
4,1,4,trial_79,subject_26,NA,0
5,1,4,trial_80,subject_26,NA,1
1,2,4,trial_81,subject_26,NA,1
2,2,4,trial_82,subject_26,NA,0
3,2,4,trial_83,subject_26,NA,1
4,2,4,trial_84,subject_26,NA,0
5,2,4,trial_85,subject_26,NA,0
1,3,4,trial_86,subject_26,NA,1
2,3,4,trial_87,subject_26,NA,1
3,3,4,trial_88,subject_26,NA,1
4,3,4,trial_89,subject_26,NA,0
5,3,4,trial_90,subject_26,NA,0
1,4,4,trial_91,subject_26,NA,0
2,4,4,trial_92,subject_26,NA,0
3,4,4,trial_93,subject_26,NA,0
4,4,4,trial_94,subject_26,NA,0
5,4,4,trial_95,subject_26,NA,0
1,5,4,trial_96,subject_26,NA,0
2,5,4,trial_97,subject_26,NA,0
3,5,4,trial_98,subject_26,NA,0
4,5,4,trial_99,subject_26,NA,1
5,5,4,trial_100,subject_26,NA,0
1,1,5,trial_101,subject_26,NA,1
2,1,5,trial_102,subject_26,NA,1
3,1,5,trial_103,subject_26,NA,1
4,1,5,trial_104,subject_26,NA,0
5,1,5,trial_105,subject_26,NA,0
1,2,5,trial_106,subject_26,NA,1
2,2,5,trial_107,subject_26,NA,0
3,2,5,trial_108,subject_26,NA,1
4,2,5,trial_109,subject_26,NA,1
5,2,5,trial_110,subject_26,NA,1
1,3,5,trial_111,subject_26,NA,1
2,3,5,trial_112,subject_26,NA,1
3,3,5,trial_113,subject_26,NA,1
4,3,5,trial_114,subject_26,NA,1
5,3,5,trial_115,subject_26,NA,0
1,4,5,trial_116,subject_26,NA,1
2,4,5,trial_117,subject_26,NA,1
3,4,5,trial_118,subject_26,NA,0
4,4,5,trial_119,subject_26,NA,1
5,4,5,trial_120,subject_26,NA,0
1,5,5,trial_121,subject_26,NA,1
2,5,5,trial_122,subject_26,NA,0
3,5,5,trial_123,subject_26,NA,0
4,5,5,trial_124,subject_26,NA,0
5,5,5,trial_125,subject_26,NA,0
1,1,1,trial_1,subject_27,NA,0
2,1,1,trial_2,subject_27,NA,0
3,1,1,trial_3,subject_27,NA,0
4,1,1,trial_4,subject_27,NA,0
5,1,1,trial_5,subject_27,NA,0
1,2,1,trial_6,subject_27,NA,1
2,2,1,trial_7,subject_27,NA,1
3,2,1,trial_8,subject_27,NA,0
4,2,1,trial_9,subject_27,NA,0
5,2,1,trial_10,subject_27,NA,0
1,3,1,trial_11,subject_27,NA,0
2,3,1,trial_12,subject_27,NA,0
3,3,1,trial_13,subject_27,NA,0
4,3,1,trial_14,subject_27,NA,0
5,3,1,trial_15,subject_27,NA,0
1,4,1,trial_16,subject_27,NA,0
2,4,1,trial_17,subject_27,NA,0
3,4,1,trial_18,subject_27,NA,0
4,4,1,trial_19,subject_27,NA,0
5,4,1,trial_20,subject_27,NA,0
1,5,1,trial_21,subject_27,NA,0
2,5,1,trial_22,subject_27,NA,0
3,5,1,trial_23,subject_27,NA,0
4,5,1,trial_24,subject_27,NA,0
5,5,1,trial_25,subject_27,NA,0
1,1,2,trial_26,subject_27,NA,1
2,1,2,trial_27,subject_27,NA,1
3,1,2,trial_28,subject_27,NA,0
4,1,2,trial_29,subject_27,NA,0
5,1,2,trial_30,subject_27,NA,0
1,2,2,trial_31,subject_27,NA,1
2,2,2,trial_32,subject_27,NA,1
3,2,2,trial_33,subject_27,NA,0
4,2,2,trial_34,subject_27,NA,0
5,2,2,trial_35,subject_27,NA,0
1,3,2,trial_36,subject_27,NA,0
2,3,2,trial_37,subject_27,NA,0
3,3,2,trial_38,subject_27,NA,0
4,3,2,trial_39,subject_27,NA,0
5,3,2,trial_40,subject_27,NA,0
1,4,2,trial_41,subject_27,NA,0
2,4,2,trial_42,subject_27,NA,0
3,4,2,trial_43,subject_27,NA,0
4,4,2,trial_44,subject_27,NA,0
5,4,2,trial_45,subject_27,NA,0
1,5,2,trial_46,subject_27,NA,0
2,5,2,trial_47,subject_27,NA,0
3,5,2,trial_48,subject_27,NA,0
4,5,2,trial_49,subject_27,NA,0
5,5,2,trial_50,subject_27,NA,0
1,1,3,trial_51,subject_27,NA,0
2,1,3,trial_52,subject_27,NA,0
3,1,3,trial_53,subject_27,NA,1
4,1,3,trial_54,subject_27,NA,0
5,1,3,trial_55,subject_27,NA,0
1,2,3,trial_56,subject_27,NA,1
2,2,3,trial_57,subject_27,NA,0
3,2,3,trial_58,subject_27,NA,1
4,2,3,trial_59,subject_27,NA,0
5,2,3,trial_60,subject_27,NA,0
1,3,3,trial_61,subject_27,NA,1
2,3,3,trial_62,subject_27,NA,1
3,3,3,trial_63,subject_27,NA,1
4,3,3,trial_64,subject_27,NA,0
5,3,3,trial_65,subject_27,NA,0
1,4,3,trial_66,subject_27,NA,0
2,4,3,trial_67,subject_27,NA,1
3,4,3,trial_68,subject_27,NA,0
4,4,3,trial_69,subject_27,NA,0
5,4,3,trial_70,subject_27,NA,0
1,5,3,trial_71,subject_27,NA,1
2,5,3,trial_72,subject_27,NA,0
3,5,3,trial_73,subject_27,NA,0
4,5,3,trial_74,subject_27,NA,0
5,5,3,trial_75,subject_27,NA,0
1,1,4,trial_76,subject_27,NA,1
2,1,4,trial_77,subject_27,NA,0
3,1,4,trial_78,subject_27,NA,1
4,1,4,trial_79,subject_27,NA,0
5,1,4,trial_80,subject_27,NA,0
1,2,4,trial_81,subject_27,NA,1
2,2,4,trial_82,subject_27,NA,1
3,2,4,trial_83,subject_27,NA,1
4,2,4,trial_84,subject_27,NA,0
5,2,4,trial_85,subject_27,NA,0
1,3,4,trial_86,subject_27,NA,1
2,3,4,trial_87,subject_27,NA,0
3,3,4,trial_88,subject_27,NA,0
4,3,4,trial_89,subject_27,NA,0
5,3,4,trial_90,subject_27,NA,0
1,4,4,trial_91,subject_27,NA,1
2,4,4,trial_92,subject_27,NA,1
3,4,4,trial_93,subject_27,NA,1
4,4,4,trial_94,subject_27,NA,0
5,4,4,trial_95,subject_27,NA,0
1,5,4,trial_96,subject_27,NA,1
2,5,4,trial_97,subject_27,NA,0
3,5,4,trial_98,subject_27,NA,0
4,5,4,trial_99,subject_27,NA,0
5,5,4,trial_100,subject_27,NA,0
1,1,5,trial_101,subject_27,NA,1
2,1,5,trial_102,subject_27,NA,1
3,1,5,trial_103,subject_27,NA,1
4,1,5,trial_104,subject_27,NA,1
5,1,5,trial_105,subject_27,NA,1
1,2,5,trial_106,subject_27,NA,1
2,2,5,trial_107,subject_27,NA,1
3,2,5,trial_108,subject_27,NA,1
4,2,5,trial_109,subject_27,NA,0
5,2,5,trial_110,subject_27,NA,0
1,3,5,trial_111,subject_27,NA,1
2,3,5,trial_112,subject_27,NA,0
3,3,5,trial_113,subject_27,NA,1
4,3,5,trial_114,subject_27,NA,1
5,3,5,trial_115,subject_27,NA,0
1,4,5,trial_116,subject_27,NA,1
2,4,5,trial_117,subject_27,NA,0
3,4,5,trial_118,subject_27,NA,1
4,4,5,trial_119,subject_27,NA,0
5,4,5,trial_120,subject_27,NA,0
1,5,5,trial_121,subject_27,NA,0
2,5,5,trial_122,subject_27,NA,0
3,5,5,trial_123,subject_27,NA,0
4,5,5,trial_124,subject_27,NA,0
5,5,5,trial_125,subject_27,NA,0
1,1,1,trial_1,subject_28,NA,0
2,1,1,trial_2,subject_28,NA,0
3,1,1,trial_3,subject_28,NA,0
4,1,1,trial_4,subject_28,NA,0
5,1,1,trial_5,subject_28,NA,0
1,2,1,trial_6,subject_28,NA,0
2,2,1,trial_7,subject_28,NA,0
3,2,1,trial_8,subject_28,NA,1
4,2,1,trial_9,subject_28,NA,0
5,2,1,trial_10,subject_28,NA,0
1,3,1,trial_11,subject_28,NA,0
2,3,1,trial_12,subject_28,NA,0
3,3,1,trial_13,subject_28,NA,0
4,3,1,trial_14,subject_28,NA,0
5,3,1,trial_15,subject_28,NA,0
1,4,1,trial_16,subject_28,NA,0
2,4,1,trial_17,subject_28,NA,0
3,4,1,trial_18,subject_28,NA,0
4,4,1,trial_19,subject_28,NA,0
5,4,1,trial_20,subject_28,NA,0
1,5,1,trial_21,subject_28,NA,0
2,5,1,trial_22,subject_28,NA,0
3,5,1,trial_23,subject_28,NA,0
4,5,1,trial_24,subject_28,NA,0
5,5,1,trial_25,subject_28,NA,0
1,1,2,trial_26,subject_28,NA,0
2,1,2,trial_27,subject_28,NA,1
3,1,2,trial_28,subject_28,NA,0
4,1,2,trial_29,subject_28,NA,0
5,1,2,trial_30,subject_28,NA,0
1,2,2,trial_31,subject_28,NA,1
2,2,2,trial_32,subject_28,NA,0
3,2,2,trial_33,subject_28,NA,1
4,2,2,trial_34,subject_28,NA,0
5,2,2,trial_35,subject_28,NA,0
1,3,2,trial_36,subject_28,NA,0
2,3,2,trial_37,subject_28,NA,0
3,3,2,trial_38,subject_28,NA,0
4,3,2,trial_39,subject_28,NA,0
5,3,2,trial_40,subject_28,NA,0
1,4,2,trial_41,subject_28,NA,0
2,4,2,trial_42,subject_28,NA,0
3,4,2,trial_43,subject_28,NA,0
4,4,2,trial_44,subject_28,NA,0
5,4,2,trial_45,subject_28,NA,0
1,5,2,trial_46,subject_28,NA,0
2,5,2,trial_47,subject_28,NA,0
3,5,2,trial_48,subject_28,NA,0
4,5,2,trial_49,subject_28,NA,0
5,5,2,trial_50,subject_28,NA,0
1,1,3,trial_51,subject_28,NA,0
2,1,3,trial_52,subject_28,NA,1
3,1,3,trial_53,subject_28,NA,1
4,1,3,trial_54,subject_28,NA,1
5,1,3,trial_55,subject_28,NA,0
1,2,3,trial_56,subject_28,NA,1
2,2,3,trial_57,subject_28,NA,1
3,2,3,trial_58,subject_28,NA,0
4,2,3,trial_59,subject_28,NA,0
5,2,3,trial_60,subject_28,NA,1
1,3,3,trial_61,subject_28,NA,1
2,3,3,trial_62,subject_28,NA,0
3,3,3,trial_63,subject_28,NA,0
4,3,3,trial_64,subject_28,NA,0
5,3,3,trial_65,subject_28,NA,0
1,4,3,trial_66,subject_28,NA,0
2,4,3,trial_67,subject_28,NA,0
3,4,3,trial_68,subject_28,NA,0
4,4,3,trial_69,subject_28,NA,0
5,4,3,trial_70,subject_28,NA,0
1,5,3,trial_71,subject_28,NA,0
2,5,3,trial_72,subject_28,NA,0
3,5,3,trial_73,subject_28,NA,0
4,5,3,trial_74,subject_28,NA,0
5,5,3,trial_75,subject_28,NA,0
1,1,4,trial_76,subject_28,NA,1
2,1,4,trial_77,subject_28,NA,1
3,1,4,trial_78,subject_28,NA,1
4,1,4,trial_79,subject_28,NA,1
5,1,4,trial_80,subject_28,NA,1
1,2,4,trial_81,subject_28,NA,1
2,2,4,trial_82,subject_28,NA,1
3,2,4,trial_83,subject_28,NA,1
4,2,4,trial_84,subject_28,NA,1
5,2,4,trial_85,subject_28,NA,0
1,3,4,trial_86,subject_28,NA,1
2,3,4,trial_87,subject_28,NA,0
3,3,4,trial_88,subject_28,NA,1
4,3,4,trial_89,subject_28,NA,0
5,3,4,trial_90,subject_28,NA,0
1,4,4,trial_91,subject_28,NA,1
2,4,4,trial_92,subject_28,NA,0
3,4,4,trial_93,subject_28,NA,0
4,4,4,trial_94,subject_28,NA,0
5,4,4,trial_95,subject_28,NA,0
1,5,4,trial_96,subject_28,NA,1
2,5,4,trial_97,subject_28,NA,0
3,5,4,trial_98,subject_28,NA,0
4,5,4,trial_99,subject_28,NA,0
5,5,4,trial_100,subject_28,NA,0
1,1,5,trial_101,subject_28,NA,1
2,1,5,trial_102,subject_28,NA,1
3,1,5,trial_103,subject_28,NA,1
4,1,5,trial_104,subject_28,NA,1
5,1,5,trial_105,subject_28,NA,0
1,2,5,trial_106,subject_28,NA,1
2,2,5,trial_107,subject_28,NA,1
3,2,5,trial_108,subject_28,NA,0
4,2,5,trial_109,subject_28,NA,1
5,2,5,trial_110,subject_28,NA,0
1,3,5,trial_111,subject_28,NA,1
2,3,5,trial_112,subject_28,NA,1
3,3,5,trial_113,subject_28,NA,1
4,3,5,trial_114,subject_28,NA,0
5,3,5,trial_115,subject_28,NA,0
1,4,5,trial_116,subject_28,NA,1
2,4,5,trial_117,subject_28,NA,1
3,4,5,trial_118,subject_28,NA,0
4,4,5,trial_119,subject_28,NA,0
5,4,5,trial_120,subject_28,NA,0
1,5,5,trial_121,subject_28,NA,0
2,5,5,trial_122,subject_28,NA,1
3,5,5,trial_123,subject_28,NA,0
4,5,5,trial_124,subject_28,NA,0
5,5,5,trial_125,subject_28,NA,0
1,1,1,trial_1,subject_29,NA,1
2,1,1,trial_2,subject_29,NA,0
3,1,1,trial_3,subject_29,NA,0
4,1,1,trial_4,subject_29,NA,0
5,1,1,trial_5,subject_29,NA,0
1,2,1,trial_6,subject_29,NA,0
2,2,1,trial_7,subject_29,NA,0
3,2,1,trial_8,subject_29,NA,0
4,2,1,trial_9,subject_29,NA,0
5,2,1,trial_10,subject_29,NA,0
1,3,1,trial_11,subject_29,NA,0
2,3,1,trial_12,subject_29,NA,0
3,3,1,trial_13,subject_29,NA,0
4,3,1,trial_14,subject_29,NA,0
5,3,1,trial_15,subject_29,NA,0
1,4,1,trial_16,subject_29,NA,0
2,4,1,trial_17,subject_29,NA,0
3,4,1,trial_18,subject_29,NA,0
4,4,1,trial_19,subject_29,NA,0
5,4,1,trial_20,subject_29,NA,0
1,5,1,trial_21,subject_29,NA,0
2,5,1,trial_22,subject_29,NA,0
3,5,1,trial_23,subject_29,NA,0
4,5,1,trial_24,subject_29,NA,0
5,5,1,trial_25,subject_29,NA,0
1,1,2,trial_26,subject_29,NA,1
2,1,2,trial_27,subject_29,NA,0
3,1,2,trial_28,subject_29,NA,1
4,1,2,trial_29,subject_29,NA,0
5,1,2,trial_30,subject_29,NA,0
1,2,2,trial_31,subject_29,NA,1
2,2,2,trial_32,subject_29,NA,0
3,2,2,trial_33,subject_29,NA,0
4,2,2,trial_34,subject_29,NA,0
5,2,2,trial_35,subject_29,NA,0
1,3,2,trial_36,subject_29,NA,1
2,3,2,trial_37,subject_29,NA,0
3,3,2,trial_38,subject_29,NA,0
4,3,2,trial_39,subject_29,NA,0
5,3,2,trial_40,subject_29,NA,0
1,4,2,trial_41,subject_29,NA,0
2,4,2,trial_42,subject_29,NA,0
3,4,2,trial_43,subject_29,NA,0
4,4,2,trial_44,subject_29,NA,0
5,4,2,trial_45,subject_29,NA,0
1,5,2,trial_46,subject_29,NA,0
2,5,2,trial_47,subject_29,NA,0
3,5,2,trial_48,subject_29,NA,0
4,5,2,trial_49,subject_29,NA,0
5,5,2,trial_50,subject_29,NA,0
1,1,3,trial_51,subject_29,NA,1
2,1,3,trial_52,subject_29,NA,0
3,1,3,trial_53,subject_29,NA,1
4,1,3,trial_54,subject_29,NA,0
5,1,3,trial_55,subject_29,NA,0
1,2,3,trial_56,subject_29,NA,1
2,2,3,trial_57,subject_29,NA,0
3,2,3,trial_58,subject_29,NA,0
4,2,3,trial_59,subject_29,NA,0
5,2,3,trial_60,subject_29,NA,0
1,3,3,trial_61,subject_29,NA,0
2,3,3,trial_62,subject_29,NA,0
3,3,3,trial_63,subject_29,NA,0
4,3,3,trial_64,subject_29,NA,0
5,3,3,trial_65,subject_29,NA,0
1,4,3,trial_66,subject_29,NA,0
2,4,3,trial_67,subject_29,NA,1
3,4,3,trial_68,subject_29,NA,0
4,4,3,trial_69,subject_29,NA,0
5,4,3,trial_70,subject_29,NA,0
1,5,3,trial_71,subject_29,NA,0
2,5,3,trial_72,subject_29,NA,0
3,5,3,trial_73,subject_29,NA,0
4,5,3,trial_74,subject_29,NA,0
5,5,3,trial_75,subject_29,NA,0
1,1,4,trial_76,subject_29,NA,1
2,1,4,trial_77,subject_29,NA,1
3,1,4,trial_78,subject_29,NA,1
4,1,4,trial_79,subject_29,NA,1
5,1,4,trial_80,subject_29,NA,0
1,2,4,trial_81,subject_29,NA,1
2,2,4,trial_82,subject_29,NA,1
3,2,4,trial_83,subject_29,NA,0
4,2,4,trial_84,subject_29,NA,1
5,2,4,trial_85,subject_29,NA,0
1,3,4,trial_86,subject_29,NA,1
2,3,4,trial_87,subject_29,NA,1
3,3,4,trial_88,subject_29,NA,0
4,3,4,trial_89,subject_29,NA,0
5,3,4,trial_90,subject_29,NA,0
1,4,4,trial_91,subject_29,NA,1
2,4,4,trial_92,subject_29,NA,1
3,4,4,trial_93,subject_29,NA,0
4,4,4,trial_94,subject_29,NA,0
5,4,4,trial_95,subject_29,NA,0
1,5,4,trial_96,subject_29,NA,0
2,5,4,trial_97,subject_29,NA,0
3,5,4,trial_98,subject_29,NA,0
4,5,4,trial_99,subject_29,NA,0
5,5,4,trial_100,subject_29,NA,0
1,1,5,trial_101,subject_29,NA,1
2,1,5,trial_102,subject_29,NA,1
3,1,5,trial_103,subject_29,NA,1
4,1,5,trial_104,subject_29,NA,1
5,1,5,trial_105,subject_29,NA,1
1,2,5,trial_106,subject_29,NA,1
2,2,5,trial_107,subject_29,NA,1
3,2,5,trial_108,subject_29,NA,1
4,2,5,trial_109,subject_29,NA,1
5,2,5,trial_110,subject_29,NA,0
1,3,5,trial_111,subject_29,NA,1
2,3,5,trial_112,subject_29,NA,0
3,3,5,trial_113,subject_29,NA,0
4,3,5,trial_114,subject_29,NA,1
5,3,5,trial_115,subject_29,NA,0
1,4,5,trial_116,subject_29,NA,1
2,4,5,trial_117,subject_29,NA,1
3,4,5,trial_118,subject_29,NA,0
4,4,5,trial_119,subject_29,NA,0
5,4,5,trial_120,subject_29,NA,0
1,5,5,trial_121,subject_29,NA,1
2,5,5,trial_122,subject_29,NA,0
3,5,5,trial_123,subject_29,NA,0
4,5,5,trial_124,subject_29,NA,0
5,5,5,trial_125,subject_29,NA,0
1,1,1,trial_1,subject_30,NA,1
2,1,1,trial_2,subject_30,NA,0
3,1,1,trial_3,subject_30,NA,0
4,1,1,trial_4,subject_30,NA,0
5,1,1,trial_5,subject_30,NA,0
1,2,1,trial_6,subject_30,NA,0
2,2,1,trial_7,subject_30,NA,0
3,2,1,trial_8,subject_30,NA,0
4,2,1,trial_9,subject_30,NA,0
5,2,1,trial_10,subject_30,NA,0
1,3,1,trial_11,subject_30,NA,0
2,3,1,trial_12,subject_30,NA,0
3,3,1,trial_13,subject_30,NA,0
4,3,1,trial_14,subject_30,NA,0
5,3,1,trial_15,subject_30,NA,0
1,4,1,trial_16,subject_30,NA,1
2,4,1,trial_17,subject_30,NA,0
3,4,1,trial_18,subject_30,NA,0
4,4,1,trial_19,subject_30,NA,0
5,4,1,trial_20,subject_30,NA,0
1,5,1,trial_21,subject_30,NA,0
2,5,1,trial_22,subject_30,NA,0
3,5,1,trial_23,subject_30,NA,0
4,5,1,trial_24,subject_30,NA,0
5,5,1,trial_25,subject_30,NA,0
1,1,2,trial_26,subject_30,NA,1
2,1,2,trial_27,subject_30,NA,1
3,1,2,trial_28,subject_30,NA,1
4,1,2,trial_29,subject_30,NA,0
5,1,2,trial_30,subject_30,NA,0
1,2,2,trial_31,subject_30,NA,1
2,2,2,trial_32,subject_30,NA,0
3,2,2,trial_33,subject_30,NA,0
4,2,2,trial_34,subject_30,NA,0
5,2,2,trial_35,subject_30,NA,0
1,3,2,trial_36,subject_30,NA,0
2,3,2,trial_37,subject_30,NA,0
3,3,2,trial_38,subject_30,NA,0
4,3,2,trial_39,subject_30,NA,0
5,3,2,trial_40,subject_30,NA,0
1,4,2,trial_41,subject_30,NA,0
2,4,2,trial_42,subject_30,NA,0
3,4,2,trial_43,subject_30,NA,0
4,4,2,trial_44,subject_30,NA,0
5,4,2,trial_45,subject_30,NA,0
1,5,2,trial_46,subject_30,NA,0
2,5,2,trial_47,subject_30,NA,0
3,5,2,trial_48,subject_30,NA,0
4,5,2,trial_49,subject_30,NA,0
5,5,2,trial_50,subject_30,NA,0
1,1,3,trial_51,subject_30,NA,1
2,1,3,trial_52,subject_30,NA,0
3,1,3,trial_53,subject_30,NA,1
4,1,3,trial_54,subject_30,NA,0
5,1,3,trial_55,subject_30,NA,0
1,2,3,trial_56,subject_30,NA,1
2,2,3,trial_57,subject_30,NA,0
3,2,3,trial_58,subject_30,NA,1
4,2,3,trial_59,subject_30,NA,0
5,2,3,trial_60,subject_30,NA,0
1,3,3,trial_61,subject_30,NA,1
2,3,3,trial_62,subject_30,NA,0
3,3,3,trial_63,subject_30,NA,0
4,3,3,trial_64,subject_30,NA,1
5,3,3,trial_65,subject_30,NA,0
1,4,3,trial_66,subject_30,NA,0
2,4,3,trial_67,subject_30,NA,0
3,4,3,trial_68,subject_30,NA,0
4,4,3,trial_69,subject_30,NA,0
5,4,3,trial_70,subject_30,NA,0
1,5,3,trial_71,subject_30,NA,0
2,5,3,trial_72,subject_30,NA,0
3,5,3,trial_73,subject_30,NA,0
4,5,3,trial_74,subject_30,NA,0
5,5,3,trial_75,subject_30,NA,0
1,1,4,trial_76,subject_30,NA,1
2,1,4,trial_77,subject_30,NA,1
3,1,4,trial_78,subject_30,NA,1
4,1,4,trial_79,subject_30,NA,1
5,1,4,trial_80,subject_30,NA,1
1,2,4,trial_81,subject_30,NA,1
2,2,4,trial_82,subject_30,NA,0
3,2,4,trial_83,subject_30,NA,1
4,2,4,trial_84,subject_30,NA,1
5,2,4,trial_85,subject_30,NA,0
1,3,4,trial_86,subject_30,NA,1
2,3,4,trial_87,subject_30,NA,1
3,3,4,trial_88,subject_30,NA,0
4,3,4,trial_89,subject_30,NA,0
5,3,4,trial_90,subject_30,NA,0
1,4,4,trial_91,subject_30,NA,0
2,4,4,trial_92,subject_30,NA,0
3,4,4,trial_93,subject_30,NA,0
4,4,4,trial_94,subject_30,NA,1
5,4,4,trial_95,subject_30,NA,0
1,5,4,trial_96,subject_30,NA,0
2,5,4,trial_97,subject_30,NA,0
3,5,4,trial_98,subject_30,NA,0
4,5,4,trial_99,subject_30,NA,0
5,5,4,trial_100,subject_30,NA,0
1,1,5,trial_101,subject_30,NA,0
2,1,5,trial_102,subject_30,NA,1
3,1,5,trial_103,subject_30,NA,1
4,1,5,trial_104,subject_30,NA,0
5,1,5,trial_105,subject_30,NA,1
1,2,5,trial_106,subject_30,NA,1
2,2,5,trial_107,subject_30,NA,1
3,2,5,trial_108,subject_30,NA,1
4,2,5,trial_109,subject_30,NA,1
5,2,5,trial_110,subject_30,NA,0
1,3,5,trial_111,subject_30,NA,1
2,3,5,trial_112,subject_30,NA,1
3,3,5,trial_113,subject_30,NA,0
4,3,5,trial_114,subject_30,NA,0
5,3,5,trial_115,subject_30,NA,0
1,4,5,trial_116,subject_30,NA,1
2,4,5,trial_117,subject_30,NA,0
3,4,5,trial_118,subject_30,NA,0
4,4,5,trial_119,subject_30,NA,0
5,4,5,trial_120,subject_30,NA,0
1,5,5,trial_121,subject_30,NA,0
2,5,5,trial_122,subject_30,NA,0
3,5,5,trial_123,subject_30,NA,0
4,5,5,trial_124,subject_30,NA,0
5,5,5,trial_125,subject_30,NA,1
